8 3
0.750991 0.0694835
  1   1   1   1 
  1   1   1   1 
  1   1   1   1 
  1   1   1   1 
16 -64 16
8 3
0.0669697 0.0694835
  1  -1   1   1 
  1   1   1   1 
  1   1   1   1 
  1   1   1   1 
15 -56 14
4 3
0.530687 0.263597
  1  -1   1   1 
  1   1   1   1 
  1   1   1   1 
  1   1   1   1 
15 -56 14
8 3
0.917569 0.0694835
  1  -1   1   1 
  1   1   1   1 
  1   1   1   1 
  1   1   1   1 
15 -56 14
8 3
0.875297 0.0694835
  1  -1   1   1 
  1   1   1   1 
  1   1   1   1 
  1   1   1   1 
15 -56 14
4 3
0.0471122 0.263597
  1  -1   1   1 
  1  -1   1   1 
  1   1   1   1 
  1   1   1   1 
14 -52 12
4 3
0.296377 0.263597
  1  -1   1   1 
  1  -1   1   1 
  1   1   1   1 
  1   1   1   1 
14 -52 12
8 3
0.569921 0.0694835
  1  -1   1   1 
  1  -1   1   1 
  1   1   1   1 
  1   1   1   1 
14 -52 12
8 3
0.347702 0.0694835
  1  -1   1   1 
  1  -1   1   1 
  1   1   1   1 
  1   1   1   1 
14 -52 12
4 3
0.117043 0.263597
  1  -1   1   1 
  1  -1   1   1 
  1  -1   1   1 
  1   1   1   1 
13 -48 10
4 3
0.214146 0.263597
  1  -1   1   1 
  1  -1   1   1 
  1  -1  -1   1 
  1   1   1   1 
12 -44 8
4 3
0.0886679 0.263597
  1  -1   1   1 
  1  -1   1   1 
  1  -1  -1  -1 
  1   1   1   1 
11 -40 6
8 3
0.744129 0.0694835
  1  -1   1   1 
  1  -1   1   1 
  1  -1  -1  -1 
  1   1   1   1 
11 -40 6
0 3
0.209693 1
  1  -1   1   1 
  1  -1   1   1 
  1  -1  -1  -1 
  1  -1   1   1 
10 -40 4
0 3
0.781888 1
  1  -1   1   1 
  1  -1   1   1 
  1  -1  -1  -1 
  1  -1  -1   1 
9 -40 2
0 3
0.641005 1
  1  -1   1   1 
  1  -1   1   1 
  1  -1  -1  -1 
  1  -1  -1  -1 
8 -40 0
4 3
0.641999 0.263597
  1  -1   1   1 
  1  -1   1   1 
  1  -1  -1  -1 
  1  -1  -1  -1 
8 -40 0
0 3
0.897124 1
  1   1   1   1 
  1  -1   1   1 
  1  -1  -1  -1 
  1  -1  -1  -1 
9 -40 2
4 3
0.564167 0.263597
  1   1   1   1 
  1  -1   1   1 
  1  -1  -1  -1 
  1  -1  -1  -1 
9 -40 2
4 3
0.43758 0.263597
  1   1   1   1 
  1  -1   1   1 
  1  -1  -1  -1 
  1  -1  -1  -1 
9 -40 2
4 3
0.594729 0.263597
  1   1   1   1 
  1  -1   1   1 
  1  -1  -1  -1 
  1  -1  -1  -1 
9 -40 2
-4 3
0.773131 3.79367
  1   1   1   1 
  1   1   1   1 
  1  -1  -1  -1 
  1  -1  -1  -1 
10 -44 4
4 3
0.741511 0.263597
  1   1   1   1 
  1   1   1   1 
  1  -1  -1  -1 
  1  -1  -1  -1 
10 -44 4
4 3
0.580268 0.263597
  1   1   1   1 
  1   1   1   1 
  1  -1  -1  -1 
  1  -1  -1  -1 
10 -44 4
0 3
0.938964 1
  1   1   1   1 
  1   1   1   1 
 -1  -1  -1  -1 
  1  -1  -1  -1 
9 -44 2
4 3
0.364368 0.263597
  1   1   1   1 
  1   1   1   1 
 -1  -1  -1  -1 
  1  -1  -1  -1 
9 -44 2
4 3
0.186669 0.263597
  1   1   1   1 
  1   1   1   1 
 -1  -1   1  -1 
  1  -1  -1  -1 
10 -40 4
0 3
0.86129 1
  1   1   1   1 
  1   1   1   1 
 -1  -1   1   1 
  1  -1  -1  -1 
11 -40 6
-4 3
0.529416 3.79367
  1   1   1   1 
  1   1   1   1 
 -1  -1   1   1 
 -1  -1  -1  -1 
10 -44 4
4 3
0.929027 0.263597
  1   1   1   1 
  1   1   1   1 
 -1  -1   1   1 
 -1  -1  -1  -1 
10 -44 4
0 3
0.81138 1
  1   1   1   1 
  1   1   1   1 
 -1  -1   1   1 
 -1  -1   1  -1 
11 -44 6
-4 3
0.687546 3.79367
  1   1   1   1 
  1   1   1   1 
 -1  -1   1   1 
 -1  -1   1   1 
12 -48 8
4 3
0.450676 0.263597
  1   1   1   1 
  1   1   1   1 
 -1  -1   1   1 
 -1  -1   1   1 
12 -48 8
4 3
0.441753 0.263597
  1   1   1   1 
  1   1   1   1 
 -1  -1   1   1 
 -1  -1   1   1 
12 -48 8
8 3
0.984655 0.0694835
  1   1   1   1 
  1   1   1   1 
 -1  -1   1   1 
 -1  -1   1   1 
12 -48 8
8 3
0.737599 0.0694835
  1   1   1   1 
  1   1   1   1 
 -1  -1   1   1 
 -1  -1   1   1 
12 -48 8
4 3
0.159537 0.263597
  1   1   1   1 
 -1   1   1   1 
 -1  -1   1   1 
 -1  -1   1   1 
11 -44 6
0 3
0.757732 1
  1   1   1   1 
 -1  -1   1   1 
 -1  -1   1   1 
 -1  -1   1   1 
10 -44 4
4 3
0.956635 0.263597
  1   1   1   1 
 -1  -1   1   1 
 -1  -1   1   1 
 -1  -1   1   1 
10 -44 4
4 3
0.239898 0.263597
  1   1   1   1 
 -1  -1   1  -1 
 -1  -1   1   1 
 -1  -1   1   1 
9 -40 2
4 3
0.0635847 0.263597
  1   1   1   1 
 -1  -1   1  -1 
  1  -1   1   1 
 -1  -1   1   1 
10 -36 4
0 3
0.830928 1
  1   1   1   1 
 -1  -1   1  -1 
  1   1   1   1 
 -1  -1   1   1 
11 -36 6
8 3
0.933038 0.0694835
  1   1   1   1 
 -1  -1   1  -1 
  1   1   1   1 
 -1  -1   1   1 
11 -36 6
4 3
0.0523319 0.263597
  1   1   1   1 
 -1  -1   1  -1 
  1   1   1  -1 
 -1  -1   1   1 
10 -32 4
-4 3
0.583353 3.79367
  1   1   1   1 
 -1  -1   1  -1 
  1   1   1  -1 
  1  -1   1   1 
11 -36 6
-8 3
0.816807 14.3919
  1   1   1   1 
 -1  -1   1  -1 
  1   1   1  -1 
  1   1   1   1 
12 -44 8
8 3
0.928679 0.0694835
  1   1   1   1 
 -1  -1   1  -1 
  1   1   1  -1 
  1   1   1   1 
12 -44 8
4 3
0.16151 0.263597
  1   1   1   1 
 -1  -1   1  -1 
  1   1   1  -1 
  1   1   1  -1 
11 -40 6
4 3
0.41211 0.263597
  1   1   1   1 
 -1  -1   1  -1 
  1   1   1  -1 
  1   1   1  -1 
11 -40 6
4 3
0.27104 0.263597
  1   1   1   1 
 -1  -1   1  -1 
  1   1   1  -1 
  1   1   1  -1 
11 -40 6
8 3
0.631174 0.0694835
  1   1   1   1 
 -1  -1   1  -1 
  1   1   1  -1 
  1   1   1  -1 
11 -40 6
0 3
0.830001 1
  1   1   1  -1 
 -1  -1   1  -1 
  1   1   1  -1 
  1   1   1  -1 
10 -40 4
0 3
0.237836 1
  1   1   1  -1 
  1  -1   1  -1 
  1   1   1  -1 
  1   1   1  -1 
11 -40 6
-8 3
0.924846 14.3919
  1   1   1  -1 
  1   1   1  -1 
  1   1   1  -1 
  1   1   1  -1 
12 -48 8
4 3
0.587716 0.263597
  1   1   1  -1 
  1   1   1  -1 
  1   1   1  -1 
  1   1   1  -1 
12 -48 8
0 3
0.918187 1
  1   1   1  -1 
  1   1   1   1 
  1   1   1  -1 
  1   1   1  -1 
13 -48 10
4 3
0.491138 0.263597
  1   1   1  -1 
  1   1   1   1 
  1   1   1  -1 
  1   1   1  -1 
13 -48 10
8 3
0.354678 0.0694835
  1   1   1  -1 
  1   1   1   1 
  1   1   1  -1 
  1   1   1  -1 
13 -48 10
4 3
0.360326 0.263597
  1   1   1  -1 
  1   1   1   1 
  1   1   1  -1 
  1   1   1  -1 
13 -48 10
-4 3
0.0602772 3.79367
  1   1   1  -1 
  1   1   1   1 
  1   1   1   1 
  1   1   1  -1 
14 -52 12
4 3
0.573221 0.263597
  1   1   1  -1 
  1   1   1   1 
  1   1   1   1 
  1   1   1  -1 
14 -52 12
8 3
0.308659 0.0694835
  1   1   1  -1 
  1   1   1   1 
  1   1   1   1 
  1   1   1  -1 
14 -52 12
4 3
0.781544 0.263597
  1   1   1  -1 
  1   1   1   1 
  1   1   1   1 
  1   1   1  -1 
14 -52 12
-4 3
0.523968 3.79367
  1   1   1  -1 
  1   1   1   1 
  1   1   1   1 
  1   1   1   1 
15 -56 14
4 3
0.919672 0.263597
  1   1   1  -1 
  1   1   1   1 
  1   1   1   1 
  1   1   1   1 
15 -56 14
8 3
0.815019 0.0694835
  1   1   1  -1 
  1   1   1   1 
  1   1   1   1 
  1   1   1   1 
15 -56 14
4 3
0.0682721 0.263597
  1   1  -1  -1 
  1   1   1   1 
  1   1   1   1 
  1   1   1   1 
14 -52 12
-4 3
0.610184 3.79367
  1   1  -1   1 
  1   1   1   1 
  1   1   1   1 
  1   1   1   1 
15 -56 14
8 3
0.350833 0.0694835
  1   1  -1   1 
  1   1   1   1 
  1   1   1   1 
  1   1   1   1 
15 -56 14
8 3
0.975975 0.0694835
  1   1  -1   1 
  1   1   1   1 
  1   1   1   1 
  1   1   1   1 
15 -56 14
4 3
0.127152 0.263597
  1   1  -1   1 
  1   1  -1   1 
  1   1   1   1 
  1   1   1   1 
14 -52 12
4 3
0.427366 0.263597
  1   1  -1   1 
  1   1  -1   1 
  1   1   1   1 
  1   1   1   1 
14 -52 12
8 3
0.391215 0.0694835
  1   1  -1   1 
  1   1  -1   1 
  1   1   1   1 
  1   1   1   1 
14 -52 12
8 3
0.130882 0.0694835
  1   1  -1   1 
  1   1  -1   1 
  1   1   1   1 
  1   1   1   1 
14 -52 12
4 3
0.77167 0.263597
  1   1  -1   1 
  1   1  -1   1 
  1   1   1   1 
  1   1   1   1 
14 -52 12
8 3
0.72747 0.0694835
  1   1  -1   1 
  1   1  -1   1 
  1   1   1   1 
  1   1   1   1 
14 -52 12
8 3
0.84913 0.0694835
  1   1  -1   1 
  1   1  -1   1 
  1   1   1   1 
  1   1   1   1 
14 -52 12
8 3
0.88355 0.0694835
  1   1  -1   1 
  1   1  -1   1 
  1   1   1   1 
  1   1   1   1 
14 -52 12
4 3
0.100752 0.263597
  1   1  -1   1 
  1   1  -1   1 
  1   1   1   1 
  1   1  -1   1 
13 -48 10
4 3
0.441234 0.263597
  1   1  -1   1 
  1   1  -1   1 
  1   1   1   1 
  1   1  -1   1 
13 -48 10
8 3
0.346063 0.0694835
  1   1  -1   1 
  1   1  -1   1 
  1   1   1   1 
  1   1  -1   1 
13 -48 10
4 3
0.76222 0.263597
  1   1  -1   1 
  1   1  -1   1 
  1   1   1   1 
  1   1  -1   1 
13 -48 10
0 3
0.641884 1
  1   1   1   1 
  1   1  -1   1 
  1   1   1   1 
  1   1  -1   1 
14 -48 12
8 3
0.487391 0.0694835
  1   1   1   1 
  1   1  -1   1 
  1   1   1   1 
  1   1  -1   1 
14 -48 12
8 3
0.279157 0.0694835
  1   1   1   1 
  1   1  -1   1 
  1   1   1   1 
  1   1  -1   1 
14 -48 12
4 3
0.239181 0.263597
  1   1   1   1 
  1  -1  -1   1 
  1   1   1   1 
  1   1  -1   1 
13 -44 10
-4 3
0.473513 3.79367
  1   1   1   1 
  1  -1   1   1 
  1   1   1   1 
  1   1  -1   1 
14 -48 12
8 3
0.19017 0.0694835
  1   1   1   1 
  1  -1   1   1 
  1   1   1   1 
  1   1  -1   1 
14 -48 12
8 3
0.690039 0.0694835
  1   1   1   1 
  1  -1   1   1 
  1   1   1   1 
  1   1  -1   1 
14 -48 12
4 3
0.622778 0.263597
  1   1   1   1 
  1  -1   1   1 
  1   1   1   1 
  1   1  -1   1 
14 -48 12
4 3
0.176658 0.263597
  1   1   1   1 
  1  -1   1   1 
  1   1  -1   1 
  1   1  -1   1 
13 -44 10
4 3
0.982585 0.263597
  1   1   1   1 
  1  -1   1   1 
  1   1  -1   1 
  1   1  -1   1 
13 -44 10
8 3
0.623519 0.0694835
  1   1   1   1 
  1  -1   1   1 
  1   1  -1   1 
  1   1  -1   1 
13 -44 10
4 3
0.683663 0.263597
  1   1   1   1 
  1  -1   1   1 
  1   1  -1   1 
  1   1  -1   1 
13 -44 10
-4 3
0.0965932 3.79367
  1   1   1   1 
  1  -1   1   1 
  1   1  -1   1 
  1   1   1   1 
14 -48 12
8 3
0.742454 0.0694835
  1   1   1   1 
  1  -1   1   1 
  1   1  -1   1 
  1   1   1   1 
14 -48 12
8 3
0.292049 0.0694835
  1   1   1   1 
  1  -1   1   1 
  1   1  -1   1 
  1   1   1   1 
14 -48 12
4 3
0.522303 0.263597
  1   1   1   1 
  1  -1   1   1 
  1   1  -1   1 
  1   1   1   1 
14 -48 12
8 3
0.444225 0.0694835
  1   1   1   1 
  1  -1   1   1 
  1   1  -1   1 
  1   1   1   1 
14 -48 12
8 3
0.0571824 0.0694835
  1   1   1  -1 
  1  -1   1   1 
  1   1  -1   1 
  1   1   1   1 
13 -40 10
4 3
0.948352 0.263597
  1   1   1  -1 
  1  -1   1   1 
  1   1  -1   1 
  1   1   1   1 
13 -40 10
-8 3
0.9776 14.3919
  1   1   1  -1 
  1   1   1   1 
  1   1  -1   1 
  1   1   1   1 
14 -48 12
4 3
0.589633 0.263597
  1   1   1  -1 
  1   1   1   1 
  1   1  -1   1 
  1   1   1   1 
14 -48 12
4 3
0.332125 0.263597
  1   1   1  -1 
  1   1   1   1 
  1   1  -1   1 
  1   1   1   1 
14 -48 12
8 3
0.275616 0.0694835
  1   1   1  -1 
  1   1   1   1 
  1   1  -1   1 
  1   1   1   1 
14 -48 12
4 3
0.0833107 0.263597
  1   1   1  -1 
  1   1   1   1 
  1  -1  -1   1 
  1   1   1   1 
13 -44 10
-4 3
0.173408 3.79367
  1   1   1  -1 
  1   1   1   1 
  1  -1   1   1 
  1   1   1   1 
14 -48 12
8 3
0.862083 0.0694835
  1   1   1  -1 
  1   1   1   1 
  1  -1   1   1 
  1   1   1   1 
14 -48 12
8 3
0.725816 0.0694835
  1   1   1  -1 
  1   1   1   1 
  1  -1   1   1 
  1   1   1   1 
14 -48 12
4 3
0.974391 0.263597
  1   1   1  -1 
  1   1   1   1 
  1  -1   1   1 
  1   1   1   1 
14 -48 12
8 3
0.491657 0.0694835
  1   1   1  -1 
  1   1   1   1 
  1  -1   1   1 
  1   1   1   1 
14 -48 12
4 3
0.410426 0.263597
  1   1   1  -1 
  1   1   1   1 
  1  -1   1   1 
  1   1   1   1 
14 -48 12
4 3
0.353022 0.263597
  1   1   1  -1 
  1   1   1   1 
  1  -1   1   1 
  1   1   1   1 
14 -48 12
8 3
0.707481 0.0694835
  1   1   1  -1 
  1   1   1   1 
  1  -1   1   1 
  1   1   1   1 
14 -48 12
4 3
0.861139 0.263597
  1   1   1  -1 
  1   1   1   1 
  1  -1   1   1 
  1   1   1   1 
14 -48 12
-8 3
0.559073 14.3919
  1   1   1   1 
  1   1   1   1 
  1  -1   1   1 
  1   1   1   1 
15 -56 14
8 3
0.518023 0.0694835
  1   1   1   1 
  1   1   1   1 
  1  -1   1   1 
  1   1   1   1 
15 -56 14
4 3
0.848649 0.263597
  1   1   1   1 
  1   1   1   1 
  1  -1   1   1 
  1   1   1   1 
15 -56 14
8 3
0.658396 0.0694835
  1   1   1   1 
  1   1   1   1 
  1  -1   1   1 
  1   1   1   1 
15 -56 14
8 3
0.0590293 0.0694835
  1   1   1   1 
  1   1   1  -1 
  1  -1   1   1 
  1   1   1   1 
14 -48 12
4 3
0.954518 0.263597
  1   1   1   1 
  1   1   1  -1 
  1  -1   1   1 
  1   1   1   1 
14 -48 12
-8 3
0.00934347 14.3919
  1   1   1   1 
  1   1   1  -1 
  1   1   1   1 
  1   1   1   1 
15 -56 14
8 3
0.600581 0.0694835
  1   1   1   1 
  1   1   1  -1 
  1   1   1   1 
  1   1   1   1 
15 -56 14
4 3
0.108157 0.263597
  1   1   1   1 
  1   1   1  -1 
  1   1   1  -1 
  1   1   1   1 
14 -52 12
8 3
0.691486 0.0694835
  1   1   1   1 
  1   1   1  -1 
  1   1   1  -1 
  1   1   1   1 
14 -52 12
8 3
0.779608 0.0694835
  1   1   1   1 
  1   1   1  -1 
  1   1   1  -1 
  1   1   1   1 
14 -52 12
8 3
0.475521 0.0694835
  1   1   1   1 
  1   1   1  -1 
  1   1   1  -1 
  1   1   1   1 
14 -52 12
4 3
0.957696 0.263597
  1   1   1   1 
  1   1   1  -1 
  1   1   1  -1 
  1   1   1   1 
14 -52 12
8 3
0.205946 0.0694835
  1   1   1   1 
  1   1   1  -1 
  1   1   1  -1 
  1   1   1   1 
14 -52 12
8 3
0.650811 0.0694835
  1   1   1   1 
  1   1   1  -1 
  1   1   1  -1 
  1   1   1   1 
14 -52 12
8 3
0.771355 0.0694835
  1   1   1   1 
  1   1   1  -1 
  1   1   1  -1 
  1   1   1   1 
14 -52 12
4 3
0.694834 0.263597
  1   1   1   1 
  1   1   1  -1 
  1   1   1  -1 
  1   1   1   1 
14 -52 12
4 3
0.807047 0.263597
  1   1   1   1 
  1   1   1  -1 
  1   1   1  -1 
  1   1   1   1 
14 -52 12
8 3
0.491346 0.0694835
  1   1   1   1 
  1   1   1  -1 
  1   1   1  -1 
  1   1   1   1 
14 -52 12
4 3
0.2199 0.263597
  1   1   1   1 
  1   1  -1  -1 
  1   1   1  -1 
  1   1   1   1 
13 -48 10
0 3
0.0785554 1
  1   1   1   1 
  1   1  -1   1 
  1   1   1  -1 
  1   1   1   1 
14 -48 12
4 3
0.336859 0.263597
  1   1   1   1 
  1   1  -1   1 
  1   1   1  -1 
  1   1   1   1 
14 -48 12
8 3
0.0979143 0.0694835
  1   1   1   1 
  1   1  -1   1 
  1   1   1  -1 
  1   1   1   1 
14 -48 12
0 3
0.803836 1
  1   1   1   1 
  1   1  -1   1 
  1   1  -1  -1 
  1   1   1   1 
13 -48 10
-4 3
0.215351 3.79367
  1   1   1   1 
  1   1  -1   1 
  1   1  -1   1 
  1   1   1   1 
14 -52 12
8 3
0.869731 0.0694835
  1   1   1   1 
  1   1  -1   1 
  1   1  -1   1 
  1   1   1   1 
14 -52 12
8 3
0.449402 0.0694835
  1   1   1   1 
  1   1  -1   1 
  1   1  -1   1 
  1   1   1   1 
14 -52 12
4 3
0.914019 0.263597
  1   1   1   1 
  1   1  -1   1 
  1   1  -1   1 
  1   1   1   1 
14 -52 12
8 3
0.817756 0.0694835
  1   1   1   1 
  1   1  -1   1 
  1   1  -1   1 
  1   1   1   1 
14 -52 12
8 3
0.641968 0.0694835
  1   1   1   1 
  1   1  -1   1 
  1   1  -1   1 
  1   1   1   1 
14 -52 12
8 3
0.167978 0.0694835
  1   1   1   1 
  1   1  -1   1 
  1   1  -1   1 
  1   1   1   1 
14 -52 12
4 3
0.268629 0.263597
  1   1   1   1 
  1   1  -1   1 
  1   1  -1   1 
  1   1   1   1 
14 -52 12
8 3
0.560783 0.0694835
  1   1   1   1 
  1   1  -1   1 
  1   1  -1   1 
  1   1   1   1 
14 -52 12
8 3
0.424725 0.0694835
  1   1   1   1 
  1   1  -1   1 
  1   1  -1   1 
  1   1   1   1 
14 -52 12
4 3
0.814478 0.263597
  1   1   1   1 
  1   1  -1   1 
  1   1  -1   1 
  1   1   1   1 
14 -52 12
-4 3
0.548577 3.79367
  1   1   1   1 
  1   1   1   1 
  1   1  -1   1 
  1   1   1   1 
15 -56 14
8 3
0.918449 0.0694835
  1   1   1   1 
  1   1   1   1 
  1   1  -1   1 
  1   1   1   1 
15 -56 14
8 3
0.405582 0.0694835
  1   1   1   1 
  1   1   1   1 
  1   1  -1   1 
  1   1   1   1 
15 -56 14
4 3
0.406331 0.263597
  1   1   1   1 
  1   1   1   1 
  1   1  -1   1 
  1   1   1   1 
15 -56 14
-8 3
0.921072 14.3919
  1   1   1   1 
  1   1   1   1 
  1   1   1   1 
  1   1   1   1 
16 -64 16
8 3
0.567296 0.0694835
  1   1   1   1 
  1   1   1   1 
  1   1   1   1 
  1   1   1   1 
16 -64 16
8 3
0.993577 0.0694835
  1   1   1   1 
  1   1   1   1 
  1   1   1   1 
  1   1   1   1 
16 -64 16
8 3
0.903722 0.0694835
  1   1   1   1 
  1   1   1   1 
  1   1   1   1 
  1   1   1   1 
16 -64 16
8 3
0.838686 0.0694835
  1   1   1   1 
  1   1   1   1 
  1   1   1   1 
  1   1   1   1 
16 -64 16
8 3
0.511837 0.0694835
  1   1   1   1 
  1   1   1   1 
  1   1   1   1 
  1   1   1   1 
16 -64 16
8 3
0.403271 0.0694835
  1   1   1   1 
  1   1   1   1 
  1   1   1   1 
  1   1   1   1 
16 -64 16
8 3
0.291149 0.0694835
  1   1   1   1 
  1   1   1   1 
  1   1   1   1 
  1   1   1   1 
16 -64 16
8 3
0.979909 0.0694835
  1   1   1   1 
  1   1   1   1 
  1   1   1   1 
  1   1   1   1 
16 -64 16
8 3
0.566853 0.0694835
  1   1   1   1 
  1   1   1   1 
  1   1   1   1 
  1   1   1   1 
16 -64 16
8 3
0.200789 0.0694835
  1   1   1   1 
  1   1   1   1 
  1   1   1   1 
  1   1   1   1 
16 -64 16
8 3
0.377904 0.0694835
  1   1   1   1 
  1   1   1   1 
  1   1   1   1 
  1   1   1   1 
16 -64 16
8 3
0.145721 0.0694835
  1   1   1   1 
  1   1   1   1 
  1   1   1   1 
  1   1   1   1 
16 -64 16
8 3
0.570276 0.0694835
  1   1   1   1 
  1   1   1   1 
  1   1   1   1 
  1   1   1   1 
16 -64 16
8 3
0.109539 0.0694835
  1   1   1   1 
  1   1   1   1 
  1   1   1   1 
  1   1   1   1 
16 -64 16
8 3
0.619236 0.0694835
  1   1   1   1 
  1   1   1   1 
  1   1   1   1 
  1   1   1   1 
16 -64 16
8 3
0.652043 0.0694835
  1   1   1   1 
  1   1   1   1 
  1   1   1   1 
  1   1   1   1 
16 -64 16
8 3
0.834573 0.0694835
  1   1   1   1 
  1   1   1   1 
  1   1   1   1 
  1   1   1   1 
16 -64 16
8 3
0.266468 0.0694835
  1   1   1   1 
  1   1   1   1 
  1   1   1   1 
  1   1   1   1 
16 -64 16
8 3
0.259812 0.0694835
  1   1   1   1 
  1   1   1   1 
  1   1   1   1 
  1   1   1   1 
16 -64 16
8 3
0.611835 0.0694835
  1   1   1   1 
  1   1   1   1 
  1   1   1   1 
  1   1   1   1 
16 -64 16
8 3
0.75885 0.0694835
  1   1   1   1 
  1   1   1   1 
  1   1   1   1 
  1   1   1   1 
16 -64 16
8 3
0.449325 0.0694835
  1   1   1   1 
  1   1   1   1 
  1   1   1   1 
  1   1   1   1 
16 -64 16
8 3
0.0615997 0.0694835
  1  -1   1   1 
  1   1   1   1 
  1   1   1   1 
  1   1   1   1 
15 -56 14
4 3
0.889108 0.263597
  1  -1   1   1 
  1   1   1   1 
  1   1   1   1 
  1   1   1   1 
15 -56 14
8 3
0.500836 0.0694835
  1  -1   1   1 
  1   1   1   1 
  1   1   1   1 
  1   1   1   1 
15 -56 14
8 3
0.377296 0.0694835
  1  -1   1   1 
  1   1   1   1 
  1   1   1   1 
  1   1   1   1 
15 -56 14
4 3
0.696985 0.263597
  1  -1   1   1 
  1   1   1   1 
  1   1   1   1 
  1   1   1   1 
15 -56 14
8 3
0.5735 0.0694835
  1  -1   1   1 
  1   1   1   1 
  1   1   1   1 
  1   1   1   1 
15 -56 14
8 3
0.677757 0.0694835
  1  -1   1   1 
  1   1   1   1 
  1   1   1   1 
  1   1   1   1 
15 -56 14
8 3
0.0332366 0.0694835
  1  -1   1   1 
  1   1   1   1 
 -1   1   1   1 
  1   1   1   1 
14 -48 12
4 3
0.967846 0.263597
  1  -1   1   1 
  1   1   1   1 
 -1   1   1   1 
  1   1   1   1 
14 -48 12
8 3
0.484694 0.0694835
  1  -1   1   1 
  1   1   1   1 
 -1   1   1   1 
  1   1   1   1 
14 -48 12
4 3
0.971409 0.263597
  1  -1   1   1 
  1   1   1   1 
 -1   1   1   1 
  1   1   1   1 
14 -48 12
4 3
0.992324 0.263597
  1  -1   1   1 
  1   1   1   1 
 -1   1   1   1 
  1   1   1   1 
14 -48 12
4 3
0.954238 0.263597
  1  -1   1   1 
  1   1   1   1 
 -1   1   1   1 
  1   1   1   1 
14 -48 12
8 3
0.504674 0.0694835
  1  -1   1   1 
  1   1   1   1 
 -1   1   1   1 
  1   1   1   1 
14 -48 12
8 3
0.784907 0.0694835
  1  -1   1   1 
  1   1   1   1 
 -1   1   1   1 
  1   1   1   1 
14 -48 12
4 3
0.431622 0.263597
  1  -1   1   1 
  1   1   1   1 
 -1   1   1   1 
  1   1   1   1 
14 -48 12
-8 3
0.140327 14.3919
  1   1   1   1 
  1   1   1   1 
 -1   1   1   1 
  1   1   1   1 
15 -56 14
8 3
0.00335811 0.0694835
  1   1  -1   1 
  1   1   1   1 
 -1   1   1   1 
  1   1   1   1 
14 -48 12
4 3
0.176802 0.263597
  1   1  -1  -1 
  1   1   1   1 
 -1   1   1   1 
  1   1   1   1 
13 -44 10
4 3
0.738248 0.263597
  1   1  -1  -1 
  1   1   1   1 
 -1   1   1   1 
  1   1   1   1 
13 -44 10
8 3
0.680813 0.0694835
  1   1  -1  -1 
  1   1   1   1 
 -1   1   1   1 
  1   1   1   1 
13 -44 10
4 3
0.435274 0.263597
  1   1  -1  -1 
  1   1   1   1 
 -1   1   1   1 
  1   1   1   1 
13 -44 10
4 3
0.226483 0.263597
  1   1  -1  -1 
  1   1   1  -1 
 -1   1   1   1 
  1   1   1   1 
12 -40 8
-8 3
0.171183 14.3919
  1   1  -1  -1 
  1   1   1  -1 
  1   1   1   1 
  1   1   1   1 
13 -48 10
8 3
0.940253 0.0694835
  1   1  -1  -1 
  1   1   1  -1 
  1   1   1   1 
  1   1   1   1 
13 -48 10
8 3
0.604002 0.0694835
  1   1  -1  -1 
  1   1   1  -1 
  1   1   1   1 
  1   1   1   1 
13 -48 10
4 3
0.633705 0.263597
  1   1  -1  -1 
  1   1   1  -1 
  1   1   1   1 
  1   1   1   1 
13 -48 10
8 3
0.455429 0.0694835
  1   1  -1  -1 
  1   1   1  -1 
  1   1   1   1 
  1   1   1   1 
13 -48 10
8 3
0.626766 0.0694835
  1   1  -1  -1 
  1   1   1  -1 
  1   1   1   1 
  1   1   1   1 
13 -48 10
4 3
0.147904 0.263597
  1   1  -1  -1 
  1   1   1  -1 
  1   1   1   1 
  1   1  -1   1 
12 -44 8
0 3
0.770835 1
  1   1  -1  -1 
  1   1   1  -1 
  1   1   1   1 
  1   1  -1  -1 
11 -44 6
4 3
0.381789 0.263597
  1   1  -1  -1 
  1   1   1  -1 
  1   1   1   1 
  1   1  -1  -1 
11 -44 6
4 3
0.291463 0.263597
  1   1  -1  -1 
  1   1   1  -1 
  1   1   1   1 
  1   1  -1  -1 
11 -44 6
0 3
0.749203 1
  1   1   1  -1 
  1   1   1  -1 
  1   1   1   1 
  1   1  -1  -1 
12 -44 8
0 3
0.498698 1
  1   1   1   1 
  1   1   1  -1 
  1   1   1   1 
  1   1  -1  -1 
13 -44 10
4 3
0.35791 0.263597
  1   1   1   1 
  1   1   1  -1 
  1   1   1   1 
  1   1  -1  -1 
13 -44 10
8 3
0.376506 0.0694835
  1   1   1   1 
  1   1   1  -1 
  1   1   1   1 
  1   1  -1  -1 
13 -44 10
4 3
0.680754 0.263597
  1   1   1   1 
  1   1   1  -1 
  1   1   1   1 
  1   1  -1  -1 
13 -44 10
-8 3
0.0806523 14.3919
  1   1   1   1 
  1   1   1   1 
  1   1   1   1 
  1   1  -1  -1 
14 -52 12
8 3
0.00365718 0.0694835
  1   1   1   1 
  1   1   1   1 
 -1   1   1   1 
  1   1  -1  -1 
13 -44 10
4 3
0.712932 0.263597
  1   1   1   1 
  1   1   1   1 
 -1   1   1   1 
  1   1  -1  -1 
13 -44 10
4 3
0.845204 0.263597
  1   1   1   1 
  1   1   1   1 
 -1   1   1   1 
  1   1  -1  -1 
13 -44 10
0 3
0.940531 1
  1   1   1   1 
  1   1   1   1 
 -1   1   1  -1 
  1   1  -1  -1 
12 -44 8
0 3
0.12494 1
  1   1   1   1 
  1   1   1   1 
 -1   1   1  -1 
 -1   1  -1  -1 
11 -44 6
0 3
0.163116 1
  1   1   1   1 
  1   1   1   1 
 -1   1   1  -1 
 -1  -1  -1  -1 
10 -44 4
0 3
0.448692 1
  1   1   1   1 
  1   1   1   1 
 -1   1   1  -1 
 -1  -1   1  -1 
11 -44 6
0 3
0.104982 1
  1   1   1   1 
  1   1   1   1 
 -1   1   1  -1 
 -1  -1   1   1 
12 -44 8
4 3
0.564202 0.263597
  1   1   1   1 
  1   1   1   1 
 -1   1   1  -1 
 -1  -1   1   1 
12 -44 8
4 3
0.367401 0.263597
  1   1   1   1 
  1   1   1   1 
 -1   1   1  -1 
 -1  -1   1   1 
12 -44 8
8 3
0.295364 0.0694835
  1   1   1   1 
  1   1   1   1 
 -1   1   1  -1 
 -1  -1   1   1 
12 -44 8
8 3
0.0113886 0.0694835
  1   1   1  -1 
  1   1   1   1 
 -1   1   1  -1 
 -1  -1   1   1 
11 -36 6
4 3
0.187579 0.263597
  1   1   1  -1 
 -1   1   1   1 
 -1   1   1  -1 
 -1  -1   1   1 
10 -32 4
4 3
0.137235 0.263597
  1   1   1  -1 
 -1  -1   1   1 
 -1   1   1  -1 
 -1  -1   1   1 
9 -28 2
4 3
0.699329 0.263597
  1   1   1  -1 
 -1  -1   1   1 
 -1   1   1  -1 
 -1  -1   1   1 
9 -28 2
-4 3
0.2757 3.79367
  1   1   1  -1 
 -1  -1   1  -1 
 -1   1   1  -1 
 -1  -1   1   1 
8 -32 0
4 3
0.632055 0.263597
  1   1   1  -1 
 -1  -1   1  -1 
 -1   1   1  -1 
 -1  -1   1   1 
8 -32 0
-4 3
0.0712521 3.79367
  1   1   1  -1 
 -1  -1   1  -1 
 -1  -1   1  -1 
 -1  -1   1   1 
7 -36 -2
0 3
0.795762 1
  1   1   1  -1 
 -1  -1   1  -1 
 -1  -1  -1  -1 
 -1  -1   1   1 
6 -36 -4
4 3
0.548622 0.263597
  1   1   1  -1 
 -1  -1   1  -1 
 -1  -1  -1  -1 
 -1  -1   1   1 
6 -36 -4
0 3
0.904312 1
  1   1   1  -1 
 -1  -1   1  -1 
 -1  -1  -1  -1 
  1  -1   1   1 
7 -36 -2
-4 3
0.102574 3.79367
  1   1   1  -1 
 -1  -1   1  -1 
 -1  -1  -1  -1 
  1   1   1   1 
8 -40 0
4 3
0.393516 0.263597
  1   1   1  -1 
 -1  -1   1  -1 
 -1  -1  -1  -1 
  1   1   1   1 
8 -40 0
0 3
0.617272 1
  1   1   1  -1 
 -1  -1   1  -1 
 -1  -1  -1  -1 
  1   1   1  -1 
7 -40 -2
0 3
0.27569 1
 -1   1   1  -1 
 -1  -1   1  -1 
 -1  -1  -1  -1 
  1   1   1  -1 
6 -40 -4
0 3
0.184855 1
 -1  -1   1  -1 
 -1  -1   1  -1 
 -1  -1  -1  -1 
  1   1   1  -1 
5 -40 -6
0 3
0.354591 1
 -1  -1  -1  -1 
 -1  -1   1  -1 
 -1  -1  -1  -1 
  1   1   1  -1 
4 -40 -8
8 3
0.678642 0.0694835
 -1  -1  -1  -1 
 -1  -1   1  -1 
 -1  -1  -1  -1 
  1   1   1  -1 
4 -40 -8
8 3
0.30905 0.0694835
 -1  -1  -1  -1 
 -1  -1   1  -1 
 -1  -1  -1  -1 
  1   1   1  -1 
4 -40 -8
4 3
0.156299 0.263597
 -1  -1  -1  -1 
 -1   1   1  -1 
 -1  -1  -1  -1 
  1   1   1  -1 
5 -36 -6
-4 3
0.281934 3.79367
 -1  -1  -1  -1 
 -1   1  -1  -1 
 -1  -1  -1  -1 
  1   1   1  -1 
4 -40 -8
8 3
0.331406 0.0694835
 -1  -1  -1  -1 
 -1   1  -1  -1 
 -1  -1  -1  -1 
  1   1   1  -1 
4 -40 -8
4 3
0.621019 0.263597
 -1  -1  -1  -1 
 -1   1  -1  -1 
 -1  -1  -1  -1 
  1   1   1  -1 
4 -40 -8
0 3
0.791355 1
 -1  -1  -1  -1 
 -1   1  -1  -1 
 -1   1  -1  -1 
  1   1   1  -1 
5 -40 -6
0 3
0.687307 1
 -1  -1  -1  -1 
 -1   1  -1  -1 
 -1   1   1  -1 
  1   1   1  -1 
6 -40 -4
4 3
0.485627 0.263597
 -1  -1  -1  -1 
 -1   1  -1  -1 
 -1   1   1  -1 
  1   1   1  -1 
6 -40 -4
-4 3
0.447913 3.79367
 -1  -1  -1  -1 
 -1   1  -1  -1 
 -1   1   1  -1 
 -1   1   1  -1 
5 -44 -6
0 3
0.336533 1
 -1  -1  -1  -1 
 -1   1  -1  -1 
 -1   1   1  -1 
 -1  -1   1  -1 
4 -44 -8
-4 3
0.883204 3.79367
 -1  -1  -1  -1 
 -1   1  -1  -1 
 -1   1   1  -1 
 -1  -1  -1  -1 
3 -48 -10
8 3
0.878443 0.0694835
 -1  -1  -1  -1 
 -1   1  -1  -1 
 -1   1   1  -1 
 -1  -1  -1  -1 
3 -48 -10
8 3
0.964393 0.0694835
 -1  -1  -1  -1 
 -1   1  -1  -1 
 -1   1   1  -1 
 -1  -1  -1  -1 
3 -48 -10
4 3
0.48058 0.263597
 -1  -1  -1  -1 
 -1   1  -1  -1 
 -1   1   1  -1 
 -1  -1  -1  -1 
3 -48 -10
8 3
0.549025 0.0694835
 -1  -1  -1  -1 
 -1   1  -1  -1 
 -1   1   1  -1 
 -1  -1  -1  -1 
3 -48 -10
8 3
0.287843 0.0694835
 -1  -1  -1  -1 
 -1   1  -1  -1 
 -1   1   1  -1 
 -1  -1  -1  -1 
3 -48 -10
4 3
0.312574 0.263597
 -1  -1  -1  -1 
 -1   1  -1  -1 
 -1   1   1  -1 
 -1  -1  -1  -1 
3 -48 -10
-4 3
0.65219 3.79367
 -1  -1  -1  -1 
 -1  -1  -1  -1 
 -1   1   1  -1 
 -1  -1  -1  -1 
2 -52 -12
4 3
0.523238 0.263597
 -1  -1  -1  -1 
 -1  -1  -1  -1 
 -1   1   1  -1 
 -1  -1  -1  -1 
2 -52 -12
8 3
0.125291 0.0694835
 -1  -1  -1  -1 
 -1  -1  -1  -1 
 -1   1   1  -1 
 -1  -1  -1  -1 
2 -52 -12
4 3
0.566635 0.263597
 -1  -1  -1  -1 
 -1  -1  -1  -1 
 -1   1   1  -1 
 -1  -1  -1  -1 
2 -52 -12
-4 3
0.919806 3.79367
 -1  -1  -1  -1 
 -1  -1  -1  -1 
 -1  -1   1  -1 
 -1  -1  -1  -1 
1 -56 -14
-8 3
0.0202827 14.3919
 -1  -1  -1  -1 
 -1  -1  -1  -1 
 -1  -1  -1  -1 
 -1  -1  -1  -1 
0 -64 -16
8 3
0.286813 0.0694835
 -1  -1  -1  -1 
 -1  -1  -1  -1 
 -1  -1  -1  -1 
 -1  -1  -1  -1 
0 -64 -16
8 3
0.205148 0.0694835
 -1  -1  -1  -1 
 -1  -1  -1  -1 
 -1  -1  -1  -1 
 -1  -1  -1  -1 
0 -64 -16
8 3
0.409621 0.0694835
 -1  -1  -1  -1 
 -1  -1  -1  -1 
 -1  -1  -1  -1 
 -1  -1  -1  -1 
0 -64 -16
8 3
0.116103 0.0694835
 -1  -1  -1  -1 
 -1  -1  -1  -1 
 -1  -1  -1  -1 
 -1  -1  -1  -1 
0 -64 -16
8 3
0.402268 0.0694835
 -1  -1  -1  -1 
 -1  -1  -1  -1 
 -1  -1  -1  -1 
 -1  -1  -1  -1 
0 -64 -16
8 3
0.0408035 0.0694835
  1  -1  -1  -1 
 -1  -1  -1  -1 
 -1  -1  -1  -1 
 -1  -1  -1  -1 
1 -56 -14
4 3
0.380918 0.263597
  1  -1  -1  -1 
 -1  -1  -1  -1 
 -1  -1  -1  -1 
 -1  -1  -1  -1 
1 -56 -14
8 3
0.542075 0.0694835
  1  -1  -1  -1 
 -1  -1  -1  -1 
 -1  -1  -1  -1 
 -1  -1  -1  -1 
1 -56 -14
4 3
0.37316 0.263597
  1  -1  -1  -1 
 -1  -1  -1  -1 
 -1  -1  -1  -1 
 -1  -1  -1  -1 
1 -56 -14
4 3
0.457022 0.263597
  1  -1  -1  -1 
 -1  -1  -1  -1 
 -1  -1  -1  -1 
 -1  -1  -1  -1 
1 -56 -14
8 3
0.224217 0.0694835
  1  -1  -1  -1 
 -1  -1  -1  -1 
 -1  -1  -1  -1 
 -1  -1  -1  -1 
1 -56 -14
8 3
0.140252 0.0694835
  1  -1  -1  -1 
 -1  -1  -1  -1 
 -1  -1  -1  -1 
 -1  -1  -1  -1 
1 -56 -14
8 3
0.834879 0.0694835
  1  -1  -1  -1 
 -1  -1  -1  -1 
 -1  -1  -1  -1 
 -1  -1  -1  -1 
1 -56 -14
8 3
0.21398 0.0694835
  1  -1  -1  -1 
 -1  -1  -1  -1 
 -1  -1  -1  -1 
 -1  -1  -1  -1 
1 -56 -14
8 3
0.779784 0.0694835
  1  -1  -1  -1 
 -1  -1  -1  -1 
 -1  -1  -1  -1 
 -1  -1  -1  -1 
1 -56 -14
8 3
0.171091 0.0694835
  1  -1  -1  -1 
 -1  -1  -1  -1 
 -1  -1  -1  -1 
 -1  -1  -1  -1 
1 -56 -14
8 3
0.320908 0.0694835
  1  -1  -1  -1 
 -1  -1  -1  -1 
 -1  -1  -1  -1 
 -1  -1  -1  -1 
1 -56 -14
4 3
0.955127 0.263597
  1  -1  -1  -1 
 -1  -1  -1  -1 
 -1  -1  -1  -1 
 -1  -1  -1  -1 
1 -56 -14
8 3
0.898365 0.0694835
  1  -1  -1  -1 
 -1  -1  -1  -1 
 -1  -1  -1  -1 
 -1  -1  -1  -1 
1 -56 -14
8 3
0.858861 0.0694835
  1  -1  -1  -1 
 -1  -1  -1  -1 
 -1  -1  -1  -1 
 -1  -1  -1  -1 
1 -56 -14
8 3
0.0460949 0.0694835
  1  -1  -1  -1 
 -1  -1  -1  -1 
 -1  -1  -1  -1 
 -1  -1  -1   1 
2 -48 -12
-8 3
0.2811 14.3919
 -1  -1  -1  -1 
 -1  -1  -1  -1 
 -1  -1  -1  -1 
 -1  -1  -1   1 
1 -56 -14
8 3
0.373517 0.0694835
 -1  -1  -1  -1 
 -1  -1  -1  -1 
 -1  -1  -1  -1 
 -1  -1  -1   1 
1 -56 -14
8 3
0.97869 0.0694835
 -1  -1  -1  -1 
 -1  -1  -1  -1 
 -1  -1  -1  -1 
 -1  -1  -1   1 
1 -56 -14
4 3
0.0878424 0.263597
 -1  -1  -1   1 
 -1  -1  -1  -1 
 -1  -1  -1  -1 
 -1  -1  -1   1 
2 -52 -12
8 3
0.935944 0.0694835
 -1  -1  -1   1 
 -1  -1  -1  -1 
 -1  -1  -1  -1 
 -1  -1  -1   1 
2 -52 -12
8 3
0.453581 0.0694835
 -1  -1  -1   1 
 -1  -1  -1  -1 
 -1  -1  -1  -1 
 -1  -1  -1   1 
2 -52 -12
8 3
0.267938 0.0694835
 -1  -1  -1   1 
 -1  -1  -1  -1 
 -1  -1  -1  -1 
 -1  -1  -1   1 
2 -52 -12
4 3
0.760571 0.263597
 -1  -1  -1   1 
 -1  -1  -1  -1 
 -1  -1  -1  -1 
 -1  -1  -1   1 
2 -52 -12
8 3
0.071065 0.0694835
 -1  -1  -1   1 
 -1  -1  -1  -1 
 -1  -1  -1  -1 
 -1  -1  -1   1 
2 -52 -12
8 3
0.790528 0.0694835
 -1  -1  -1   1 
 -1  -1  -1  -1 
 -1  -1  -1  -1 
 -1  -1  -1   1 
2 -52 -12
8 3
0.0922192 0.0694835
 -1  -1  -1   1 
 -1  -1  -1  -1 
 -1  -1  -1  -1 
 -1  -1  -1   1 
2 -52 -12
4 3
0.107711 0.263597
 -1  -1  -1   1 
 -1  -1  -1  -1 
 -1  -1  -1   1 
 -1  -1  -1   1 
3 -48 -10
4 3
0.322375 0.263597
 -1  -1  -1   1 
 -1  -1  -1  -1 
 -1  -1  -1   1 
 -1  -1  -1   1 
3 -48 -10
8 3
0.329308 0.0694835
 -1  -1  -1   1 
 -1  -1  -1  -1 
 -1  -1  -1   1 
 -1  -1  -1   1 
3 -48 -10
4 3
0.370171 0.263597
 -1  -1  -1   1 
 -1  -1  -1  -1 
 -1  -1  -1   1 
 -1  -1  -1   1 
3 -48 -10
0 3
0.31001 1
 -1  -1  -1   1 
 -1  -1  -1  -1 
 -1  -1  -1   1 
 -1  -1  -1  -1 
2 -48 -12
4 3
0.558992 0.263597
 -1  -1  -1   1 
 -1  -1  -1  -1 
 -1  -1  -1   1 
 -1  -1  -1  -1 
2 -48 -12
8 3
0.564685 0.0694835
 -1  -1  -1   1 
 -1  -1  -1  -1 
 -1  -1  -1   1 
 -1  -1  -1  -1 
2 -48 -12
4 3
0.992672 0.263597
 -1  -1  -1   1 
 -1  -1  -1  -1 
 -1  -1  -1   1 
 -1  -1  -1  -1 
2 -48 -12
-8 3
0.339884 14.3919
 -1  -1  -1  -1 
 -1  -1  -1  -1 
 -1  -1  -1   1 
 -1  -1  -1  -1 
1 -56 -14
8 3
0.751969 0.0694835
 -1  -1  -1  -1 
 -1  -1  -1  -1 
 -1  -1  -1   1 
 -1  -1  -1  -1 
1 -56 -14
8 3
0.0173431 0.0694835
 -1  -1  -1  -1 
 -1   1  -1  -1 
 -1  -1  -1   1 
 -1  -1  -1  -1 
2 -48 -12
4 3
0.975462 0.263597
 -1  -1  -1  -1 
 -1   1  -1  -1 
 -1  -1  -1   1 
 -1  -1  -1  -1 
2 -48 -12
4 3
0.895672 0.263597
 -1  -1  -1  -1 
 -1   1  -1  -1 
 -1  -1  -1   1 
 -1  -1  -1  -1 
2 -48 -12
4 3
0.719496 0.263597
 -1  -1  -1  -1 
 -1   1  -1  -1 
 -1  -1  -1   1 
 -1  -1  -1  -1 
2 -48 -12
4 3
0.542448 0.263597
 -1  -1  -1  -1 
 -1   1  -1  -1 
 -1  -1  -1   1 
 -1  -1  -1  -1 
2 -48 -12
4 3
0.539259 0.263597
 -1  -1  -1  -1 
 -1   1  -1  -1 
 -1  -1  -1   1 
 -1  -1  -1  -1 
2 -48 -12
-8 3
0.328797 14.3919
 -1  -1  -1  -1 
 -1   1  -1  -1 
 -1  -1  -1  -1 
 -1  -1  -1  -1 
1 -56 -14
8 3
0.266409 0.0694835
 -1  -1  -1  -1 
 -1   1  -1  -1 
 -1  -1  -1  -1 
 -1  -1  -1  -1 
1 -56 -14
8 3
0.50612 0.0694835
 -1  -1  -1  -1 
 -1   1  -1  -1 
 -1  -1  -1  -1 
 -1  -1  -1  -1 
1 -56 -14
8 3
0.180164 0.0694835
 -1  -1  -1  -1 
 -1   1  -1  -1 
 -1  -1  -1  -1 
 -1  -1  -1  -1 
1 -56 -14
8 3
0.29895 0.0694835
 -1  -1  -1  -1 
 -1   1  -1  -1 
 -1  -1  -1  -1 
 -1  -1  -1  -1 
1 -56 -14
8 3
0.0744416 0.0694835
 -1  -1  -1  -1 
 -1   1  -1  -1 
 -1  -1  -1  -1 
 -1  -1  -1  -1 
1 -56 -14
4 3
0.472974 0.263597
 -1  -1  -1  -1 
 -1   1  -1  -1 
 -1  -1  -1  -1 
 -1  -1  -1  -1 
1 -56 -14
8 3
0.691214 0.0694835
 -1  -1  -1  -1 
 -1   1  -1  -1 
 -1  -1  -1  -1 
 -1  -1  -1  -1 
1 -56 -14
8 3
0.00470996 0.0694835
 -1  -1  -1   1 
 -1   1  -1  -1 
 -1  -1  -1  -1 
 -1  -1  -1  -1 
2 -48 -12
4 3
0.176584 0.263597
 -1  -1  -1   1 
  1   1  -1  -1 
 -1  -1  -1  -1 
 -1  -1  -1  -1 
3 -44 -10
-4 3
0.167786 3.79367
 -1  -1  -1   1 
  1  -1  -1  -1 
 -1  -1  -1  -1 
 -1  -1  -1  -1 
2 -48 -12
8 3
0.446841 0.0694835
 -1  -1  -1   1 
  1  -1  -1  -1 
 -1  -1  -1  -1 
 -1  -1  -1  -1 
2 -48 -12
0 3
0.949044 1
 -1  -1  -1   1 
  1  -1  -1   1 
 -1  -1  -1  -1 
 -1  -1  -1  -1 
3 -48 -10
4 3
0.546222 0.263597
 -1  -1  -1   1 
  1  -1  -1   1 
 -1  -1  -1  -1 
 -1  -1  -1  -1 
3 -48 -10
8 3
0.870539 0.0694835
 -1  -1  -1   1 
  1  -1  -1   1 
 -1  -1  -1  -1 
 -1  -1  -1  -1 
3 -48 -10
8 3
0.22783 0.0694835
 -1  -1  -1   1 
  1  -1  -1   1 
 -1  -1  -1  -1 
 -1  -1  -1  -1 
3 -48 -10
4 3
0.362462 0.263597
 -1  -1  -1   1 
  1  -1  -1   1 
 -1  -1  -1  -1 
 -1  -1  -1  -1 
3 -48 -10
8 3
0.357434 0.0694835
 -1  -1  -1   1 
  1  -1  -1   1 
 -1  -1  -1  -1 
 -1  -1  -1  -1 
3 -48 -10
8 3
0.0764095 0.0694835
 -1  -1  -1   1 
  1  -1  -1   1 
 -1  -1  -1  -1 
 -1  -1  -1  -1 
3 -48 -10
8 3
0.359749 0.0694835
 -1  -1  -1   1 
  1  -1  -1   1 
 -1  -1  -1  -1 
 -1  -1  -1  -1 
3 -48 -10
4 3
0.307722 0.263597
 -1  -1  -1   1 
  1  -1  -1   1 
 -1  -1  -1  -1 
 -1  -1  -1  -1 
3 -48 -10
0 3
0.837881 1
  1  -1  -1   1 
  1  -1  -1   1 
 -1  -1  -1  -1 
 -1  -1  -1  -1 
4 -48 -8
4 3
0.164198 0.263597
  1   1  -1   1 
  1  -1  -1   1 
 -1  -1  -1  -1 
 -1  -1  -1  -1 
5 -44 -6
0 3
0.695935 1
  1   1   1   1 
  1  -1  -1   1 
 -1  -1  -1  -1 
 -1  -1  -1  -1 
6 -44 -4
4 3
0.0788835 0.263597
  1   1   1  -1 
  1  -1  -1   1 
 -1  -1  -1  -1 
 -1  -1  -1  -1 
5 -40 -6
0 3
0.374308 1
  1   1   1  -1 
 -1  -1  -1   1 
 -1  -1  -1  -1 
 -1  -1  -1  -1 
4 -40 -8
4 3
0.830858 0.263597
  1   1   1  -1 
 -1  -1  -1   1 
 -1  -1  -1  -1 
 -1  -1  -1  -1 
4 -40 -8
0 3
0.478239 1
  1   1   1  -1 
 -1  -1   1   1 
 -1  -1  -1  -1 
 -1  -1  -1  -1 
5 -40 -6
-4 3
0.181052 3.79367
  1   1   1  -1 
 -1  -1   1  -1 
 -1  -1  -1  -1 
 -1  -1  -1  -1 
4 -44 -8
8 3
0.0872237 0.0694835
  1   1   1  -1 
 -1  -1   1  -1 
 -1  -1  -1  -1 
 -1  -1  -1  -1 
4 -44 -8
8 3
0.143716 0.0694835
  1   1   1  -1 
 -1  -1   1  -1 
 -1  -1  -1  -1 
 -1  -1  -1  -1 
4 -44 -8
4 3
0.43039 0.263597
  1   1   1  -1 
 -1  -1   1  -1 
 -1  -1  -1  -1 
 -1  -1  -1  -1 
4 -44 -8
8 3
0.603539 0.0694835
  1   1   1  -1 
 -1  -1   1  -1 
 -1  -1  -1  -1 
 -1  -1  -1  -1 
4 -44 -8
4 3
0.376121 0.263597
  1   1   1  -1 
 -1  -1   1  -1 
 -1  -1  -1  -1 
 -1  -1  -1  -1 
4 -44 -8
4 3
0.296778 0.263597
  1   1   1  -1 
 -1  -1   1  -1 
 -1  -1  -1  -1 
 -1  -1  -1  -1 
4 -44 -8
4 3
0.3098 0.263597
  1   1   1  -1 
 -1  -1   1  -1 
 -1  -1  -1  -1 
 -1  -1  -1  -1 
4 -44 -8
8 3
0.905135 0.0694835
  1   1   1  -1 
 -1  -1   1  -1 
 -1  -1  -1  -1 
 -1  -1  -1  -1 
4 -44 -8
-4 3
0.092811 3.79367
 -1   1   1  -1 
 -1  -1   1  -1 
 -1  -1  -1  -1 
 -1  -1  -1  -1 
3 -48 -10
-4 3
0.109612 3.79367
 -1  -1   1  -1 
 -1  -1   1  -1 
 -1  -1  -1  -1 
 -1  -1  -1  -1 
2 -52 -12
-4 3
0.808871 3.79367
 -1  -1  -1  -1 
 -1  -1   1  -1 
 -1  -1  -1  -1 
 -1  -1  -1  -1 
1 -56 -14
8 3
0.789869 0.0694835
 -1  -1  -1  -1 
 -1  -1   1  -1 
 -1  -1  -1  -1 
 -1  -1  -1  -1 
1 -56 -14
8 3
0.347734 0.0694835
 -1  -1  -1  -1 
 -1  -1   1  -1 
 -1  -1  -1  -1 
 -1  -1  -1  -1 
1 -56 -14
4 3
0.705001 0.263597
 -1  -1  -1  -1 
 -1  -1   1  -1 
 -1  -1  -1  -1 
 -1  -1  -1  -1 
1 -56 -14
-8 3
0.0976522 14.3919
 -1  -1  -1  -1 
 -1  -1  -1  -1 
 -1  -1  -1  -1 
 -1  -1  -1  -1 
0 -64 -16
8 3
0.561293 0.0694835
 -1  -1  -1  -1 
 -1  -1  -1  -1 
 -1  -1  -1  -1 
 -1  -1  -1  -1 
0 -64 -16
8 3
0.934044 0.0694835
 -1  -1  -1  -1 
 -1  -1  -1  -1 
 -1  -1  -1  -1 
 -1  -1  -1  -1 
0 -64 -16
8 3
0.92192 0.0694835
 -1  -1  -1  -1 
 -1  -1  -1  -1 
 -1  -1  -1  -1 
 -1  -1  -1  -1 
0 -64 -16
8 3
0.891707 0.0694835
 -1  -1  -1  -1 
 -1  -1  -1  -1 
 -1  -1  -1  -1 
 -1  -1  -1  -1 
0 -64 -16
8 3
0.712142 0.0694835
 -1  -1  -1  -1 
 -1  -1  -1  -1 
 -1  -1  -1  -1 
 -1  -1  -1  -1 
0 -64 -16
8 3
0.807889 0.0694835
 -1  -1  -1  -1 
 -1  -1  -1  -1 
 -1  -1  -1  -1 
 -1  -1  -1  -1 
0 -64 -16
8 3
0.163333 0.0694835
 -1  -1  -1  -1 
 -1  -1  -1  -1 
 -1  -1  -1  -1 
 -1  -1  -1  -1 
0 -64 -16
8 3
0.184052 0.0694835
 -1  -1  -1  -1 
 -1  -1  -1  -1 
 -1  -1  -1  -1 
 -1  -1  -1  -1 
0 -64 -16
8 3
0.781925 0.0694835
 -1  -1  -1  -1 
 -1  -1  -1  -1 
 -1  -1  -1  -1 
 -1  -1  -1  -1 
0 -64 -16
8 3
0.84207 0.0694835
 -1  -1  -1  -1 
 -1  -1  -1  -1 
 -1  -1  -1  -1 
 -1  -1  -1  -1 
0 -64 -16
8 3
0.644932 0.0694835
 -1  -1  -1  -1 
 -1  -1  -1  -1 
 -1  -1  -1  -1 
 -1  -1  -1  -1 
0 -64 -16
8 3
0.808776 0.0694835
 -1  -1  -1  -1 
 -1  -1  -1  -1 
 -1  -1  -1  -1 
 -1  -1  -1  -1 
0 -64 -16
8 3
0.804244 0.0694835
 -1  -1  -1  -1 
 -1  -1  -1  -1 
 -1  -1  -1  -1 
 -1  -1  -1  -1 
0 -64 -16
8 3
0.430099 0.0694835
 -1  -1  -1  -1 
 -1  -1  -1  -1 
 -1  -1  -1  -1 
 -1  -1  -1  -1 
0 -64 -16
8 3
0.604288 0.0694835
 -1  -1  -1  -1 
 -1  -1  -1  -1 
 -1  -1  -1  -1 
 -1  -1  -1  -1 
0 -64 -16
8 3
0.230701 0.0694835
 -1  -1  -1  -1 
 -1  -1  -1  -1 
 -1  -1  -1  -1 
 -1  -1  -1  -1 
0 -64 -16
8 3
0.787007 0.0694835
 -1  -1  -1  -1 
 -1  -1  -1  -1 
 -1  -1  -1  -1 
 -1  -1  -1  -1 
0 -64 -16
8 3
0.352975 0.0694835
 -1  -1  -1  -1 
 -1  -1  -1  -1 
 -1  -1  -1  -1 
 -1  -1  -1  -1 
0 -64 -16
8 3
0.826089 0.0694835
 -1  -1  -1  -1 
 -1  -1  -1  -1 
 -1  -1  -1  -1 
 -1  -1  -1  -1 
0 -64 -16
8 3
0.6345 0.0694835
 -1  -1  -1  -1 
 -1  -1  -1  -1 
 -1  -1  -1  -1 
 -1  -1  -1  -1 
0 -64 -16
8 3
0.0753078 0.0694835
 -1  -1  -1  -1 
 -1  -1  -1  -1 
 -1  -1  -1  -1 
 -1  -1  -1  -1 
0 -64 -16
8 3
0.0702404 0.0694835
 -1  -1  -1  -1 
 -1  -1  -1  -1 
 -1  -1  -1  -1 
 -1  -1  -1  -1 
0 -64 -16
8 3
0.311584 0.0694835
 -1  -1  -1  -1 
 -1  -1  -1  -1 
 -1  -1  -1  -1 
 -1  -1  -1  -1 
0 -64 -16
8 3
0.3825 0.0694835
 -1  -1  -1  -1 
 -1  -1  -1  -1 
 -1  -1  -1  -1 
 -1  -1  -1  -1 
0 -64 -16
8 3
0.276227 0.0694835
 -1  -1  -1  -1 
 -1  -1  -1  -1 
 -1  -1  -1  -1 
 -1  -1  -1  -1 
0 -64 -16
8 3
0.430572 0.0694835
 -1  -1  -1  -1 
 -1  -1  -1  -1 
 -1  -1  -1  -1 
 -1  -1  -1  -1 
0 -64 -16
8 3
0.534745 0.0694835
 -1  -1  -1  -1 
 -1  -1  -1  -1 
 -1  -1  -1  -1 
 -1  -1  -1  -1 
0 -64 -16
8 3
0.133452 0.0694835
 -1  -1  -1  -1 
 -1  -1  -1  -1 
 -1  -1  -1  -1 
 -1  -1  -1  -1 
0 -64 -16
8 3
0.440234 0.0694835
 -1  -1  -1  -1 
 -1  -1  -1  -1 
 -1  -1  -1  -1 
 -1  -1  -1  -1 
0 -64 -16
8 3
0.658744 0.0694835
 -1  -1  -1  -1 
 -1  -1  -1  -1 
 -1  -1  -1  -1 
 -1  -1  -1  -1 
0 -64 -16
8 3
0.082248 0.0694835
 -1  -1  -1  -1 
 -1  -1  -1  -1 
 -1  -1  -1  -1 
 -1  -1  -1  -1 
0 -64 -16
8 3
0.960127 0.0694835
 -1  -1  -1  -1 
 -1  -1  -1  -1 
 -1  -1  -1  -1 
 -1  -1  -1  -1 
0 -64 -16
8 3
0.319221 0.0694835
 -1  -1  -1  -1 
 -1  -1  -1  -1 
 -1  -1  -1  -1 
 -1  -1  -1  -1 
0 -64 -16
8 3
0.776394 0.0694835
 -1  -1  -1  -1 
 -1  -1  -1  -1 
 -1  -1  -1  -1 
 -1  -1  -1  -1 
0 -64 -16
8 3
0.94693 0.0694835
 -1  -1  -1  -1 
 -1  -1  -1  -1 
 -1  -1  -1  -1 
 -1  -1  -1  -1 
0 -64 -16
8 3
0.256933 0.0694835
 -1  -1  -1  -1 
 -1  -1  -1  -1 
 -1  -1  -1  -1 
 -1  -1  -1  -1 
0 -64 -16
8 3
0.250202 0.0694835
 -1  -1  -1  -1 
 -1  -1  -1  -1 
 -1  -1  -1  -1 
 -1  -1  -1  -1 
0 -64 -16
8 3
0.736817 0.0694835
 -1  -1  -1  -1 
 -1  -1  -1  -1 
 -1  -1  -1  -1 
 -1  -1  -1  -1 
0 -64 -16
8 3
0.270343 0.0694835
 -1  -1  -1  -1 
 -1  -1  -1  -1 
 -1  -1  -1  -1 
 -1  -1  -1  -1 
0 -64 -16
8 3
0.572278 0.0694835
 -1  -1  -1  -1 
 -1  -1  -1  -1 
 -1  -1  -1  -1 
 -1  -1  -1  -1 
0 -64 -16
8 3
0.121559 0.0694835
 -1  -1  -1  -1 
 -1  -1  -1  -1 
 -1  -1  -1  -1 
 -1  -1  -1  -1 
0 -64 -16
8 3
0.354284 0.0694835
 -1  -1  -1  -1 
 -1  -1  -1  -1 
 -1  -1  -1  -1 
 -1  -1  -1  -1 
0 -64 -16
8 3
0.762562 0.0694835
 -1  -1  -1  -1 
 -1  -1  -1  -1 
 -1  -1  -1  -1 
 -1  -1  -1  -1 
0 -64 -16
8 3
0.283993 0.0694835
 -1  -1  -1  -1 
 -1  -1  -1  -1 
 -1  -1  -1  -1 
 -1  -1  -1  -1 
0 -64 -16
8 3
0.829769 0.0694835
 -1  -1  -1  -1 
 -1  -1  -1  -1 
 -1  -1  -1  -1 
 -1  -1  -1  -1 
0 -64 -16
8 3
0.767786 0.0694835
 -1  -1  -1  -1 
 -1  -1  -1  -1 
 -1  -1  -1  -1 
 -1  -1  -1  -1 
0 -64 -16
8 3
0.83164 0.0694835
 -1  -1  -1  -1 
 -1  -1  -1  -1 
 -1  -1  -1  -1 
 -1  -1  -1  -1 
0 -64 -16
8 3
0.265944 0.0694835
 -1  -1  -1  -1 
 -1  -1  -1  -1 
 -1  -1  -1  -1 
 -1  -1  -1  -1 
0 -64 -16
8 3
0.818682 0.0694835
 -1  -1  -1  -1 
 -1  -1  -1  -1 
 -1  -1  -1  -1 
 -1  -1  -1  -1 
0 -64 -16
8 3
0.168376 0.0694835
 -1  -1  -1  -1 
 -1  -1  -1  -1 
 -1  -1  -1  -1 
 -1  -1  -1  -1 
0 -64 -16
8 3
0.240771 0.0694835
 -1  -1  -1  -1 
 -1  -1  -1  -1 
 -1  -1  -1  -1 
 -1  -1  -1  -1 
0 -64 -16
8 3
0.128058 0.0694835
 -1  -1  -1  -1 
 -1  -1  -1  -1 
 -1  -1  -1  -1 
 -1  -1  -1  -1 
0 -64 -16
8 3
0.945352 0.0694835
 -1  -1  -1  -1 
 -1  -1  -1  -1 
 -1  -1  -1  -1 
 -1  -1  -1  -1 
0 -64 -16
8 3
0.894367 0.0694835
 -1  -1  -1  -1 
 -1  -1  -1  -1 
 -1  -1  -1  -1 
 -1  -1  -1  -1 
0 -64 -16
8 3
0.0647242 0.0694835
 -1  -1  -1  -1 
 -1  -1  -1  -1 
 -1  -1  -1  -1 
 -1   1  -1  -1 
1 -56 -14
4 3
0.317359 0.263597
 -1  -1  -1  -1 
 -1  -1  -1  -1 
 -1  -1  -1  -1 
 -1   1  -1  -1 
1 -56 -14
8 3
0.461159 0.0694835
 -1  -1  -1  -1 
 -1  -1  -1  -1 
 -1  -1  -1  -1 
 -1   1  -1  -1 
1 -56 -14
8 3
0.0846974 0.0694835
 -1  -1  -1  -1 
 -1  -1  -1  -1 
 -1  -1  -1  -1 
 -1   1  -1  -1 
1 -56 -14
4 3
0.717683 0.263597
 -1  -1  -1  -1 
 -1  -1  -1  -1 
 -1  -1  -1  -1 
 -1   1  -1  -1 
1 -56 -14
8 3
0.611319 0.0694835
 -1  -1  -1  -1 
 -1  -1  -1  -1 
 -1  -1  -1  -1 
 -1   1  -1  -1 
1 -56 -14
8 3
0.826691 0.0694835
 -1  -1  -1  -1 
 -1  -1  -1  -1 
 -1  -1  -1  -1 
 -1   1  -1  -1 
1 -56 -14
8 3
0.868063 0.0694835
 -1  -1  -1  -1 
 -1  -1  -1  -1 
 -1  -1  -1  -1 
 -1   1  -1  -1 
1 -56 -14
8 3
0.640914 0.0694835
 -1  -1  -1  -1 
 -1  -1  -1  -1 
 -1  -1  -1  -1 
 -1   1  -1  -1 
1 -56 -14
8 3
0.309753 0.0694835
 -1  -1  -1  -1 
 -1  -1  -1  -1 
 -1  -1  -1  -1 
 -1   1  -1  -1 
1 -56 -14
8 3
0.64302 0.0694835
 -1  -1  -1  -1 
 -1  -1  -1  -1 
 -1  -1  -1  -1 
 -1   1  -1  -1 
1 -56 -14
8 3
0.702493 0.0694835
 -1  -1  -1  -1 
 -1  -1  -1  -1 
 -1  -1  -1  -1 
 -1   1  -1  -1 
1 -56 -14
4 3
0.887031 0.263597
 -1  -1  -1  -1 
 -1  -1  -1  -1 
 -1  -1  -1  -1 
 -1   1  -1  -1 
1 -56 -14
8 3
0.334094 0.0694835
 -1  -1  -1  -1 
 -1  -1  -1  -1 
 -1  -1  -1  -1 
 -1   1  -1  -1 
1 -56 -14
8 3
0.993383 0.0694835
 -1  -1  -1  -1 
 -1  -1  -1  -1 
 -1  -1  -1  -1 
 -1   1  -1  -1 
1 -56 -14
4 3
0.724747 0.263597
 -1  -1  -1  -1 
 -1  -1  -1  -1 
 -1  -1  -1  -1 
 -1   1  -1  -1 
1 -56 -14
-8 3
0.464655 14.3919
 -1  -1  -1  -1 
 -1  -1  -1  -1 
 -1  -1  -1  -1 
 -1  -1  -1  -1 
0 -64 -16
8 3
0.0527126 0.0694835
 -1  -1  -1  -1 
 -1  -1  -1  -1 
 -1  -1  -1  -1 
 -1  -1   1  -1 
1 -56 -14
4 3
0.401562 0.263597
 -1  -1  -1  -1 
 -1  -1  -1  -1 
 -1  -1  -1  -1 
 -1  -1   1  -1 
1 -56 -14
8 3
0.998032 0.0694835
 -1  -1  -1  -1 
 -1  -1  -1  -1 
 -1  -1  -1  -1 
 -1  -1   1  -1 
1 -56 -14
8 3
0.706855 0.0694835
 -1  -1  -1  -1 
 -1  -1  -1  -1 
 -1  -1  -1  -1 
 -1  -1   1  -1 
1 -56 -14
4 3
0.199813 0.263597
 -1  -1   1  -1 
 -1  -1  -1  -1 
 -1  -1  -1  -1 
 -1  -1   1  -1 
2 -52 -12
4 3
0.719555 0.263597
 -1  -1   1  -1 
 -1  -1  -1  -1 
 -1  -1  -1  -1 
 -1  -1   1  -1 
2 -52 -12
8 3
0.223498 0.0694835
 -1  -1   1  -1 
 -1  -1  -1  -1 
 -1  -1  -1  -1 
 -1  -1   1  -1 
2 -52 -12
8 3
0.39101 0.0694835
 -1  -1   1  -1 
 -1  -1  -1  -1 
 -1  -1  -1  -1 
 -1  -1   1  -1 
2 -52 -12
4 3
0.728357 0.263597
 -1  -1   1  -1 
 -1  -1  -1  -1 
 -1  -1  -1  -1 
 -1  -1   1  -1 
2 -52 -12
8 3
0.720962 0.0694835
 -1  -1   1  -1 
 -1  -1  -1  -1 
 -1  -1  -1  -1 
 -1  -1   1  -1 
2 -52 -12
8 3
0.931727 0.0694835
 -1  -1   1  -1 
 -1  -1  -1  -1 
 -1  -1  -1  -1 
 -1  -1   1  -1 
2 -52 -12
8 3
0.244158 0.0694835
 -1  -1   1  -1 
 -1  -1  -1  -1 
 -1  -1  -1  -1 
 -1  -1   1  -1 
2 -52 -12
4 3
0.316664 0.263597
 -1  -1   1  -1 
 -1  -1  -1  -1 
 -1  -1  -1  -1 
 -1  -1   1  -1 
2 -52 -12
8 3
0.530797 0.0694835
 -1  -1   1  -1 
 -1  -1  -1  -1 
 -1  -1  -1  -1 
 -1  -1   1  -1 
2 -52 -12
8 3
0.625707 0.0694835
 -1  -1   1  -1 
 -1  -1  -1  -1 
 -1  -1  -1  -1 
 -1  -1   1  -1 
2 -52 -12
4 3
0.593119 0.263597
 -1  -1   1  -1 
 -1  -1  -1  -1 
 -1  -1  -1  -1 
 -1  -1   1  -1 
2 -52 -12
-4 3
0.464468 3.79367
 -1  -1   1  -1 
 -1  -1  -1  -1 
 -1  -1  -1  -1 
 -1  -1  -1  -1 
1 -56 -14
8 3
0.578082 0.0694835
 -1  -1   1  -1 
 -1  -1  -1  -1 
 -1  -1  -1  -1 
 -1  -1  -1  -1 
1 -56 -14
8 3
0.936496 0.0694835
 -1  -1   1  -1 
 -1  -1  -1  -1 
 -1  -1  -1  -1 
 -1  -1  -1  -1 
1 -56 -14
4 3
0.609045 0.263597
 -1  -1   1  -1 
 -1  -1  -1  -1 
 -1  -1  -1  -1 
 -1  -1  -1  -1 
1 -56 -14
-8 3
0.751268 14.3919
 -1  -1  -1  -1 
 -1  -1  -1  -1 
 -1  -1  -1  -1 
 -1  -1  -1  -1 
0 -64 -16
8 3
0.420109 0.0694835
 -1  -1  -1  -1 
 -1  -1  -1  -1 
 -1  -1  -1  -1 
 -1  -1  -1  -1 
0 -64 -16
8 3
0.884851 0.0694835
 -1  -1  -1  -1 
 -1  -1  -1  -1 
 -1  -1  -1  -1 
 -1  -1  -1  -1 
0 -64 -16
8 3
0.428923 0.0694835
 -1  -1  -1  -1 
 -1  -1  -1  -1 
 -1  -1  -1  -1 
 -1  -1  -1  -1 
0 -64 -16
8 3
0.660823 0.0694835
 -1  -1  -1  -1 
 -1  -1  -1  -1 
 -1  -1  -1  -1 
 -1  -1  -1  -1 
0 -64 -16
8 3
0.881775 0.0694835
 -1  -1  -1  -1 
 -1  -1  -1  -1 
 -1  -1  -1  -1 
 -1  -1  -1  -1 
0 -64 -16
8 3
0.644998 0.0694835
 -1  -1  -1  -1 
 -1  -1  -1  -1 
 -1  -1  -1  -1 
 -1  -1  -1  -1 
0 -64 -16
8 3
0.225613 0.0694835
 -1  -1  -1  -1 
 -1  -1  -1  -1 
 -1  -1  -1  -1 
 -1  -1  -1  -1 
0 -64 -16
8 3
0.563054 0.0694835
 -1  -1  -1  -1 
 -1  -1  -1  -1 
 -1  -1  -1  -1 
 -1  -1  -1  -1 
0 -64 -16
8 3
0.778658 0.0694835
 -1  -1  -1  -1 
 -1  -1  -1  -1 
 -1  -1  -1  -1 
 -1  -1  -1  -1 
0 -64 -16
8 3
0.883208 0.0694835
 -1  -1  -1  -1 
 -1  -1  -1  -1 
 -1  -1  -1  -1 
 -1  -1  -1  -1 
0 -64 -16
8 3
0.351086 0.0694835
 -1  -1  -1  -1 
 -1  -1  -1  -1 
 -1  -1  -1  -1 
 -1  -1  -1  -1 
0 -64 -16
8 3
0.457089 0.0694835
 -1  -1  -1  -1 
 -1  -1  -1  -1 
 -1  -1  -1  -1 
 -1  -1  -1  -1 
0 -64 -16
8 3
0.455519 0.0694835
 -1  -1  -1  -1 
 -1  -1  -1  -1 
 -1  -1  -1  -1 
 -1  -1  -1  -1 
0 -64 -16
8 3
0.917006 0.0694835
 -1  -1  -1  -1 
 -1  -1  -1  -1 
 -1  -1  -1  -1 
 -1  -1  -1  -1 
0 -64 -16
8 3
0.657333 0.0694835
 -1  -1  -1  -1 
 -1  -1  -1  -1 
 -1  -1  -1  -1 
 -1  -1  -1  -1 
0 -64 -16
8 3
0.265957 0.0694835
 -1  -1  -1  -1 
 -1  -1  -1  -1 
 -1  -1  -1  -1 
 -1  -1  -1  -1 
0 -64 -16
8 3
0.0322456 0.0694835
 -1  -1  -1   1 
 -1  -1  -1  -1 
 -1  -1  -1  -1 
 -1  -1  -1  -1 
1 -56 -14
8 3
0.913132 0.0694835
 -1  -1  -1   1 
 -1  -1  -1  -1 
 -1  -1  -1  -1 
 -1  -1  -1  -1 
1 -56 -14
8 3
0.170926 0.0694835
 -1  -1  -1   1 
 -1  -1  -1  -1 
 -1  -1  -1  -1 
 -1  -1  -1  -1 
1 -56 -14
8 3
0.974636 0.0694835
 -1  -1  -1   1 
 -1  -1  -1  -1 
 -1  -1  -1  -1 
 -1  -1  -1  -1 
1 -56 -14
4 3
0.592387 0.263597
 -1  -1  -1   1 
 -1  -1  -1  -1 
 -1  -1  -1  -1 
 -1  -1  -1  -1 
1 -56 -14
8 3
0.144278 0.0694835
 -1  -1  -1   1 
 -1  -1  -1  -1 
 -1  -1  -1  -1 
 -1  -1  -1  -1 
1 -56 -14
8 3
0.850808 0.0694835
 -1  -1  -1   1 
 -1  -1  -1  -1 
 -1  -1  -1  -1 
 -1  -1  -1  -1 
1 -56 -14
8 3
0.892503 0.0694835
 -1  -1  -1   1 
 -1  -1  -1  -1 
 -1  -1  -1  -1 
 -1  -1  -1  -1 
1 -56 -14
8 3
0.516723 0.0694835
 -1  -1  -1   1 
 -1  -1  -1  -1 
 -1  -1  -1  -1 
 -1  -1  -1  -1 
1 -56 -14
8 3
0.711572 0.0694835
 -1  -1  -1   1 
 -1  -1  -1  -1 
 -1  -1  -1  -1 
 -1  -1  -1  -1 
1 -56 -14
8 3
0.0911122 0.0694835
 -1  -1  -1   1 
 -1  -1  -1  -1 
 -1  -1  -1  -1 
 -1  -1  -1  -1 
1 -56 -14
8 3
0.119121 0.0694835
 -1  -1  -1   1 
 -1  -1  -1  -1 
 -1  -1  -1  -1 
 -1  -1  -1  -1 
1 -56 -14
4 3
0.223277 0.263597
 -1  -1  -1   1 
 -1  -1  -1  -1 
 -1  -1  -1  -1 
 -1  -1  -1   1 
2 -52 -12
4 3
0.774988 0.263597
 -1  -1  -1   1 
 -1  -1  -1  -1 
 -1  -1  -1  -1 
 -1  -1  -1   1 
2 -52 -12
8 3
0.371305 0.0694835
 -1  -1  -1   1 
 -1  -1  -1  -1 
 -1  -1  -1  -1 
 -1  -1  -1   1 
2 -52 -12
4 3
0.54542 0.263597
 -1  -1  -1   1 
 -1  -1  -1  -1 
 -1  -1  -1  -1 
 -1  -1  -1   1 
2 -52 -12
-4 3
0.847315 3.79367
 -1  -1  -1  -1 
 -1  -1  -1  -1 
 -1  -1  -1  -1 
 -1  -1  -1   1 
1 -56 -14
8 3
0.839277 0.0694835
 -1  -1  -1  -1 
 -1  -1  -1  -1 
 -1  -1  -1  -1 
 -1  -1  -1   1 
1 -56 -14
8 3
0.459817 0.0694835
 -1  -1  -1  -1 
 -1  -1  -1  -1 
 -1  -1  -1  -1 
 -1  -1  -1   1 
1 -56 -14
8 3
0.256805 0.0694835
 -1  -1  -1  -1 
 -1  -1  -1  -1 
 -1  -1  -1  -1 
 -1  -1  -1   1 
1 -56 -14
8 3
0.92301 0.0694835
 -1  -1  -1  -1 
 -1  -1  -1  -1 
 -1  -1  -1  -1 
 -1  -1  -1   1 
1 -56 -14
8 3
0.827757 0.0694835
 -1  -1  -1  -1 
 -1  -1  -1  -1 
 -1  -1  -1  -1 
 -1  -1  -1   1 
1 -56 -14
8 3
0.522171 0.0694835
 -1  -1  -1  -1 
 -1  -1  -1  -1 
 -1  -1  -1  -1 
 -1  -1  -1   1 
1 -56 -14
8 3
0.290306 0.0694835
 -1  -1  -1  -1 
 -1  -1  -1  -1 
 -1  -1  -1  -1 
 -1  -1  -1   1 
1 -56 -14
4 3
0.187708 0.263597
 -1  -1  -1  -1 
 -1  -1  -1  -1 
 -1  -1  -1   1 
 -1  -1  -1   1 
2 -52 -12
4 3
0.85718 0.263597
 -1  -1  -1  -1 
 -1  -1  -1  -1 
 -1  -1  -1   1 
 -1  -1  -1   1 
2 -52 -12
8 3
0.402387 0.0694835
 -1  -1  -1  -1 
 -1  -1  -1  -1 
 -1  -1  -1   1 
 -1  -1  -1   1 
2 -52 -12
4 3
0.650611 0.263597
 -1  -1  -1  -1 
 -1  -1  -1  -1 
 -1  -1  -1   1 
 -1  -1  -1   1 
2 -52 -12
-4 3
0.614199 3.79367
 -1  -1  -1  -1 
 -1  -1  -1  -1 
 -1  -1  -1   1 
 -1  -1  -1  -1 
1 -56 -14
8 3
0.100673 0.0694835
 -1  -1  -1  -1 
 -1  -1  -1  -1 
 -1  -1  -1   1 
 -1  -1  -1  -1 
1 -56 -14
8 3
0.148228 0.0694835
 -1  -1  -1  -1 
 -1  -1  -1  -1 
 -1  -1  -1   1 
 -1  -1  -1  -1 
1 -56 -14
8 3
0.374287 0.0694835
 -1  -1  -1  -1 
 -1  -1  -1  -1 
 -1  -1  -1   1 
 -1  -1  -1  -1 
1 -56 -14
8 3
0.512965 0.0694835
 -1  -1  -1  -1 
 -1  -1  -1  -1 
 -1  -1  -1   1 
 -1  -1  -1  -1 
1 -56 -14
8 3
0.541334 0.0694835
 -1  -1  -1  -1 
 -1  -1  -1  -1 
 -1  -1  -1   1 
 -1  -1  -1  -1 
1 -56 -14
8 3
0.703588 0.0694835
 -1  -1  -1  -1 
 -1  -1  -1  -1 
 -1  -1  -1   1 
 -1  -1  -1  -1 
1 -56 -14
8 3
0.77647 0.0694835
 -1  -1  -1  -1 
 -1  -1  -1  -1 
 -1  -1  -1   1 
 -1  -1  -1  -1 
1 -56 -14
4 3
0.208854 0.263597
 -1  -1  -1  -1 
 -1  -1  -1   1 
 -1  -1  -1   1 
 -1  -1  -1  -1 
2 -52 -12
4 3
0.932454 0.263597
 -1  -1  -1  -1 
 -1  -1  -1   1 
 -1  -1  -1   1 
 -1  -1  -1  -1 
2 -52 -12
8 3
0.829056 0.0694835
 -1  -1  -1  -1 
 -1  -1  -1   1 
 -1  -1  -1   1 
 -1  -1  -1  -1 
2 -52 -12
4 3
0.805351 0.263597
 -1  -1  -1  -1 
 -1  -1  -1   1 
 -1  -1  -1   1 
 -1  -1  -1  -1 
2 -52 -12
-4 3
0.135242 3.79367
 -1  -1  -1  -1 
 -1  -1  -1   1 
 -1  -1  -1  -1 
 -1  -1  -1  -1 
1 -56 -14
8 3
0.516063 0.0694835
 -1  -1  -1  -1 
 -1  -1  -1   1 
 -1  -1  -1  -1 
 -1  -1  -1  -1 
1 -56 -14
8 3
0.10363 0.0694835
 -1  -1  -1  -1 
 -1  -1  -1   1 
 -1  -1  -1  -1 
 -1  -1  -1  -1 
1 -56 -14
8 3
0.442774 0.0694835
 -1  -1  -1  -1 
 -1  -1  -1   1 
 -1  -1  -1  -1 
 -1  -1  -1  -1 
1 -56 -14
8 3
0.00369371 0.0694835
 -1  -1  -1  -1 
 -1  -1  -1   1 
 -1  -1  -1  -1 
 -1  -1  -1   1 
2 -48 -12
8 3
0.378108 0.0694835
 -1  -1  -1  -1 
 -1  -1  -1   1 
 -1  -1  -1  -1 
 -1  -1  -1   1 
2 -48 -12
8 3
0.595637 0.0694835
 -1  -1  -1  -1 
 -1  -1  -1   1 
 -1  -1  -1  -1 
 -1  -1  -1   1 
2 -48 -12
8 3
0.669524 0.0694835
 -1  -1  -1  -1 
 -1  -1  -1   1 
 -1  -1  -1  -1 
 -1  -1  -1   1 
2 -48 -12
0 3
0.534623 1
 -1  -1  -1   1 
 -1  -1  -1   1 
 -1  -1  -1  -1 
 -1  -1  -1   1 
3 -48 -10
4 3
0.278919 0.263597
 -1  -1  -1   1 
 -1  -1  -1   1 
 -1  -1  -1  -1 
 -1  -1  -1   1 
3 -48 -10
8 3
0.0139879 0.0694835
 -1  -1  -1   1 
 -1   1  -1   1 
 -1  -1  -1  -1 
 -1  -1  -1   1 
4 -40 -8
0 3
0.343927 1
 -1  -1  -1   1 
 -1   1   1   1 
 -1  -1  -1  -1 
 -1  -1  -1   1 
5 -40 -6
0 3
0.533007 1
 -1  -1  -1   1 
 -1   1   1  -1 
 -1  -1  -1  -1 
 -1  -1  -1   1 
4 -40 -8
8 3
0.810903 0.0694835
 -1  -1  -1   1 
 -1   1   1  -1 
 -1  -1  -1  -1 
 -1  -1  -1   1 
4 -40 -8
4 3
0.526004 0.263597
 -1  -1  -1   1 
 -1   1   1  -1 
 -1  -1  -1  -1 
 -1  -1  -1   1 
4 -40 -8
4 3
0.740171 0.263597
 -1  -1  -1   1 
 -1   1   1  -1 
 -1  -1  -1  -1 
 -1  -1  -1   1 
4 -40 -8
4 3
0.179823 0.263597
 -1  -1  -1   1 
 -1   1   1  -1 
 -1  -1  -1   1 
 -1  -1  -1   1 
5 -36 -6
4 3
0.559606 0.263597
 -1  -1  -1   1 
 -1   1   1  -1 
 -1  -1  -1   1 
 -1  -1  -1   1 
5 -36 -6
8 3
0.031787 0.0694835
 -1  -1  -1   1 
 -1   1   1  -1 
 -1  -1  -1   1 
 -1   1  -1   1 
6 -28 -4
0 3
0.78636 1
 -1  -1  -1   1 
 -1   1   1  -1 
 -1  -1  -1   1 
 -1   1   1   1 
7 -28 -2
4 3
0.983451 0.263597
 -1  -1  -1   1 
 -1   1   1  -1 
 -1  -1  -1   1 
 -1   1   1   1 
7 -28 -2
4 3
0.997066 0.263597
 -1  -1  -1   1 
 -1   1   1  -1 
 -1  -1  -1   1 
 -1   1   1   1 
7 -28 -2
0 3
0.232924 1
 -1   1  -1   1 
 -1   1   1  -1 
 -1  -1  -1   1 
 -1   1   1   1 
8 -28 0
-8 3
0.539994 14.3919
 -1   1   1   1 
 -1   1   1  -1 
 -1  -1  -1   1 
 -1   1   1   1 
9 -36 2
0 3
0.580164 1
 -1   1   1  -1 
 -1   1   1  -1 
 -1  -1  -1   1 
 -1   1   1   1 
8 -36 0
4 3
0.635919 0.263597
 -1   1   1  -1 
 -1   1   1  -1 
 -1  -1  -1   1 
 -1   1   1   1 
8 -36 0
0 3
0.163115 1
 -1   1   1  -1 
 -1  -1   1  -1 
 -1  -1  -1   1 
 -1   1   1   1 
7 -36 -2
-4 3
0.807499 3.79367
 -1   1   1  -1 
 -1  -1  -1  -1 
 -1  -1  -1   1 
 -1   1   1   1 
6 -40 -4
4 3
0.619489 0.263597
 -1   1   1  -1 
 -1  -1  -1  -1 
 -1  -1  -1   1 
 -1   1   1   1 
6 -40 -4
4 3
0.684913 0.263597
 -1   1   1  -1 
 -1  -1  -1  -1 
 -1  -1  -1   1 
 -1   1   1   1 
6 -40 -4
4 3
0.999579 0.263597
 -1   1   1  -1 
 -1  -1  -1  -1 
 -1  -1  -1   1 
 -1   1   1   1 
6 -40 -4
0 3
0.642837 1
 -1   1   1  -1 
 -1  -1  -1  -1 
 -1  -1   1   1 
 -1   1   1   1 
7 -40 -2
0 3
0.620963 1
 -1   1   1  -1 
 -1  -1  -1  -1 
 -1  -1   1  -1 
 -1   1   1   1 
6 -40 -4
0 3
0.626209 1
 -1   1   1  -1 
 -1  -1  -1  -1 
 -1  -1   1  -1 
  1   1   1   1 
7 -40 -2
4 3
0.0194697 0.263597
 -1   1   1  -1 
 -1  -1  -1  -1 
 -1  -1   1  -1 
  1  -1   1   1 
6 -36 -4
4 3
0.354029 0.263597
 -1   1   1  -1 
 -1  -1  -1  -1 
 -1  -1   1  -1 
  1  -1   1   1 
6 -36 -4
0 3
0.440047 1
 -1   1   1  -1 
 -1  -1  -1  -1 
 -1  -1   1  -1 
  1  -1   1  -1 
5 -36 -6
0 3
0.774807 1
  1   1   1  -1 
 -1  -1  -1  -1 
 -1  -1   1  -1 
  1  -1   1  -1 
6 -36 -4
0 3
0.178325 1
  1  -1   1  -1 
 -1  -1  -1  -1 
 -1  -1   1  -1 
  1  -1   1  -1 
5 -36 -6
-4 3
0.166872 3.79367
  1  -1  -1  -1 
 -1  -1  -1  -1 
 -1  -1   1  -1 
  1  -1   1  -1 
4 -40 -8
4 3
0.830919 0.263597
  1  -1  -1  -1 
 -1  -1  -1  -1 
 -1  -1   1  -1 
  1  -1   1  -1 
4 -40 -8
4 3
0.85656 0.263597
  1  -1  -1  -1 
 -1  -1  -1  -1 
 -1  -1   1  -1 
  1  -1   1  -1 
4 -40 -8
8 3
0.524938 0.0694835
  1  -1  -1  -1 
 -1  -1  -1  -1 
 -1  -1   1  -1 
  1  -1   1  -1 
4 -40 -8
4 3
0.00442729 0.263597
  1  -1  -1  -1 
 -1  -1   1  -1 
 -1  -1   1  -1 
  1  -1   1  -1 
5 -36 -6
4 3
0.113506 0.263597
  1  -1  -1  -1 
 -1  -1   1   1 
 -1  -1   1  -1 
  1  -1   1  -1 
6 -32 -4
4 3
0.752218 0.263597
  1  -1  -1  -1 
 -1  -1   1   1 
 -1  -1   1  -1 
  1  -1   1  -1 
6 -32 -4
4 3
0.916602 0.263597
  1  -1  -1  -1 
 -1  -1   1   1 
 -1  -1   1  -1 
  1  -1   1  -1 
6 -32 -4
0 3
0.0634658 1
  1  -1  -1  -1 
 -1  -1   1   1 
 -1  -1  -1  -1 
  1  -1   1  -1 
5 -32 -6
4 3
0.374061 0.263597
  1  -1  -1  -1 
 -1  -1   1   1 
 -1  -1  -1  -1 
  1  -1   1  -1 
5 -32 -6
-4 3
0.56491 3.79367
  1  -1  -1  -1 
 -1  -1   1   1 
 -1  -1  -1  -1 
 -1  -1   1  -1 
4 -36 -8
4 3
0.981148 0.263597
  1  -1  -1  -1 
 -1  -1   1   1 
 -1  -1  -1  -1 
 -1  -1   1  -1 
4 -36 -8
-8 3
0.469319 14.3919
  1  -1  -1  -1 
 -1  -1   1   1 
 -1  -1  -1  -1 
 -1  -1  -1  -1 
3 -44 -10
8 3
0.947796 0.0694835
  1  -1  -1  -1 
 -1  -1   1   1 
 -1  -1  -1  -1 
 -1  -1  -1  -1 
3 -44 -10
-8 3
0.876223 14.3919
 -1  -1  -1  -1 
 -1  -1   1   1 
 -1  -1  -1  -1 
 -1  -1  -1  -1 
2 -52 -12
8 3
0.489575 0.0694835
 -1  -1  -1  -1 
 -1  -1   1   1 
 -1  -1  -1  -1 
 -1  -1  -1  -1 
2 -52 -12
4 3
0.525825 0.263597
 -1  -1  -1  -1 
 -1  -1   1   1 
 -1  -1  -1  -1 
 -1  -1  -1  -1 
2 -52 -12
4 3
0.842466 0.263597
 -1  -1  -1  -1 
 -1  -1   1   1 
 -1  -1  -1  -1 
 -1  -1  -1  -1 
2 -52 -12
4 3
0.86202 0.263597
 -1  -1  -1  -1 
 -1  -1   1   1 
 -1  -1  -1  -1 
 -1  -1  -1  -1 
2 -52 -12
4 3
0.578988 0.263597
 -1  -1  -1  -1 
 -1  -1   1   1 
 -1  -1  -1  -1 
 -1  -1  -1  -1 
2 -52 -12
-4 3
0.0795679 3.79367
 -1  -1  -1  -1 
 -1  -1  -1   1 
 -1  -1  -1  -1 
 -1  -1  -1  -1 
1 -56 -14
-8 3
0.673742 14.3919
 -1  -1  -1  -1 
 -1  -1  -1  -1 
 -1  -1  -1  -1 
 -1  -1  -1  -1 
0 -64 -16
8 3
0.00577054 0.0694835
 -1  -1  -1  -1 
 -1  -1  -1  -1 
  1  -1  -1  -1 
 -1  -1  -1  -1 
1 -56 -14
4 3
0.983207 0.263597
 -1  -1  -1  -1 
 -1  -1  -1  -1 
  1  -1  -1  -1 
 -1  -1  -1  -1 
1 -56 -14
8 3
0.000922561 0.0694835
 -1  -1  -1  -1 
 -1  -1  -1  -1 
  1  -1   1  -1 
 -1  -1  -1  -1 
2 -48 -12
0 3
0.473821 1
 -1  -1  -1  -1 
 -1  -1  -1  -1 
  1  -1   1   1 
 -1  -1  -1  -1 
3 -48 -10
4 3
0.774591 0.263597
 -1  -1  -1  -1 
 -1  -1  -1  -1 
  1  -1   1   1 
 -1  -1  -1  -1 
3 -48 -10
8 3
0.233038 0.0694835
 -1  -1  -1  -1 
 -1  -1  -1  -1 
  1  -1   1   1 
 -1  -1  -1  -1 
3 -48 -10
4 3
0.452021 0.263597
 -1  -1  -1  -1 
 -1  -1  -1  -1 
  1  -1   1   1 
 -1  -1  -1  -1 
3 -48 -10
4 3
0.259043 0.263597
 -1  -1  -1  -1 
 -1  -1  -1  -1 
  1  -1   1   1 
 -1  -1  -1   1 
4 -44 -8
8 3
0.672493 0.0694835
 -1  -1  -1  -1 
 -1  -1  -1  -1 
  1  -1   1   1 
 -1  -1  -1   1 
4 -44 -8
8 3
0.286653 0.0694835
 -1  -1  -1  -1 
 -1  -1  -1  -1 
  1  -1   1   1 
 -1  -1  -1   1 
4 -44 -8
8 3
0.749957 0.0694835
 -1  -1  -1  -1 
 -1  -1  -1  -1 
  1  -1   1   1 
 -1  -1  -1   1 
4 -44 -8
4 3
0.520765 0.263597
 -1  -1  -1  -1 
 -1  -1  -1  -1 
  1  -1   1   1 
 -1  -1  -1   1 
4 -44 -8
4 3
0.53134 0.263597
 -1  -1  -1  -1 
 -1  -1  -1  -1 
  1  -1   1   1 
 -1  -1  -1   1 
4 -44 -8
8 3
0.688155 0.0694835
 -1  -1  -1  -1 
 -1  -1  -1  -1 
  1  -1   1   1 
 -1  -1  -1   1 
4 -44 -8
4 3
0.169337 0.263597
 -1  -1  -1  -1 
 -1  -1   1  -1 
  1  -1   1   1 
 -1  -1  -1   1 
5 -40 -6
0 3
0.827316 1
 -1  -1  -1  -1 
 -1  -1   1   1 
  1  -1   1   1 
 -1  -1  -1   1 
6 -40 -4
-4 3
0.702243 3.79367
 -1  -1  -1  -1 
 -1  -1   1   1 
 -1  -1   1   1 
 -1  -1  -1   1 
5 -44 -6
4 3
0.887198 0.263597
 -1  -1  -1  -1 
 -1  -1   1   1 
 -1  -1   1   1 
 -1  -1  -1   1 
5 -44 -6
0 3
0.638527 1
 -1  -1  -1  -1 
 -1  -1   1   1 
 -1  -1  -1   1 
 -1  -1  -1   1 
4 -44 -8
0 3
0.467884 1
 -1  -1  -1  -1 
 -1  -1   1   1 
 -1  -1  -1  -1 
 -1  -1  -1   1 
3 -44 -10
4 3
0.8498 0.263597
 -1  -1  -1  -1 
 -1  -1   1   1 
 -1  -1  -1  -1 
 -1  -1  -1   1 
3 -44 -10
8 3
0.487932 0.0694835
 -1  -1  -1  -1 
 -1  -1   1   1 
 -1  -1  -1  -1 
 -1  -1  -1   1 
3 -44 -10
4 3
0.352452 0.263597
 -1  -1  -1  -1 
 -1  -1   1   1 
 -1  -1  -1  -1 
 -1  -1  -1   1 
3 -44 -10
-8 3
0.878363 14.3919
 -1  -1  -1  -1 
 -1  -1   1   1 
 -1  -1  -1  -1 
 -1  -1  -1  -1 
2 -52 -12
8 3
0.00820686 0.0694835
  1  -1  -1  -1 
 -1  -1   1   1 
 -1  -1  -1  -1 
 -1  -1  -1  -1 
3 -44 -10
4 3
0.465838 0.263597
  1  -1  -1  -1 
 -1  -1   1   1 
 -1  -1  -1  -1 
 -1  -1  -1  -1 
3 -44 -10
4 3
0.714592 0.263597
  1  -1  -1  -1 
 -1  -1   1   1 
 -1  -1  -1  -1 
 -1  -1  -1  -1 
3 -44 -10
0 3
0.0255979 1
  1  -1  -1   1 
 -1  -1   1   1 
 -1  -1  -1  -1 
 -1  -1  -1  -1 
4 -44 -8
0 3
0.826975 1
  1  -1  -1   1 
  1  -1   1   1 
 -1  -1  -1  -1 
 -1  -1  -1  -1 
5 -44 -6
0 3
0.939876 1
  1  -1  -1   1 
  1   1   1   1 
 -1  -1  -1  -1 
 -1  -1  -1  -1 
6 -44 -4
0 3
0.609978 1
  1  -1  -1   1 
  1   1  -1   1 
 -1  -1  -1  -1 
 -1  -1  -1  -1 
5 -44 -6
0 3
0.431643 1
  1  -1  -1   1 
  1   1  -1  -1 
 -1  -1  -1  -1 
 -1  -1  -1  -1 
4 -44 -8
4 3
0.488363 0.263597
  1  -1  -1   1 
  1   1  -1  -1 
 -1  -1  -1  -1 
 -1  -1  -1  -1 
4 -44 -8
4 3
0.0216887 0.263597
  1  -1  -1   1 
  1   1  -1  -1 
 -1   1  -1  -1 
 -1  -1  -1  -1 
5 -40 -6
4 3
0.166577 0.263597
  1  -1  -1   1 
  1   1  -1  -1 
 -1   1   1  -1 
 -1  -1  -1  -1 
6 -36 -4
4 3
0.703942 0.263597
  1  -1  -1   1 
  1   1  -1  -1 
 -1   1   1  -1 
 -1  -1  -1  -1 
6 -36 -4
4 3
0.902345 0.263597
  1  -1  -1   1 
  1   1  -1  -1 
 -1   1   1  -1 
 -1  -1  -1  -1 
6 -36 -4
4 3
0.574731 0.263597
  1  -1  -1   1 
  1   1  -1  -1 
 -1   1   1  -1 
 -1  -1  -1  -1 
6 -36 -4
4 3
0.682262 0.263597
  1  -1  -1   1 
  1   1  -1  -1 
 -1   1   1  -1 
 -1  -1  -1  -1 
6 -36 -4
4 3
0.57024 0.263597
  1  -1  -1   1 
  1   1  -1  -1 
 -1   1   1  -1 
 -1  -1  -1  -1 
6 -36 -4
0 3
0.127956 1
 -1  -1  -1   1 
  1   1  -1  -1 
 -1   1   1  -1 
 -1  -1  -1  -1 
5 -36 -6
4 3
0.905764 0.263597
 -1  -1  -1   1 
  1   1  -1  -1 
 -1   1   1  -1 
 -1  -1  -1  -1 
5 -36 -6
4 3
0.59793 0.263597
 -1  -1  -1   1 
  1   1  -1  -1 
 -1   1   1  -1 
 -1  -1  -1  -1 
5 -36 -6
-8 3
0.218169 14.3919
 -1  -1  -1  -1 
  1   1  -1  -1 
 -1   1   1  -1 
 -1  -1  -1  -1 
4 -44 -8
-4 3
0.196045 3.79367
 -1  -1  -1  -1 
 -1   1  -1  -1 
 -1   1   1  -1 
 -1  -1  -1  -1 
3 -48 -10
-4 3
0.621416 3.79367
 -1  -1  -1  -1 
 -1  -1  -1  -1 
 -1   1   1  -1 
 -1  -1  -1  -1 
2 -52 -12
4 3
0.262307 0.263597
 -1  -1  -1  -1 
 -1  -1   1  -1 
 -1   1   1  -1 
 -1  -1  -1  -1 
3 -48 -10
4 3
0.050339 0.263597
 -1  -1  -1  -1 
 -1  -1   1   1 
 -1   1   1  -1 
 -1  -1  -1  -1 
4 -44 -8
4 3
0.766306 0.263597
 -1  -1  -1  -1 
 -1  -1   1   1 
 -1   1   1  -1 
 -1  -1  -1  -1 
4 -44 -8
-4 3
0.368952 3.79367
 -1  -1  -1  -1 
 -1  -1   1   1 
 -1  -1   1  -1 
 -1  -1  -1  -1 
3 -48 -10
-4 3
0.960651 3.79367
 -1  -1  -1  -1 
 -1  -1   1   1 
 -1  -1  -1  -1 
 -1  -1  -1  -1 
2 -52 -12
4 3
0.398921 0.263597
 -1  -1  -1  -1 
 -1  -1   1   1 
 -1  -1  -1  -1 
 -1  -1  -1  -1 
2 -52 -12
8 3
0.809881 0.0694835
 -1  -1  -1  -1 
 -1  -1   1   1 
 -1  -1  -1  -1 
 -1  -1  -1  -1 
2 -52 -12
8 3
0.643304 0.0694835
 -1  -1  -1  -1 
 -1  -1   1   1 
 -1  -1  -1  -1 
 -1  -1  -1  -1 
2 -52 -12
8 3
0.193292 0.0694835
 -1  -1  -1  -1 
 -1  -1   1   1 
 -1  -1  -1  -1 
 -1  -1  -1  -1 
2 -52 -12
8 3
0.355496 0.0694835
 -1  -1  -1  -1 
 -1  -1   1   1 
 -1  -1  -1  -1 
 -1  -1  -1  -1 
2 -52 -12
8 3
0.176506 0.0694835
 -1  -1  -1  -1 
 -1  -1   1   1 
 -1  -1  -1  -1 
 -1  -1  -1  -1 
2 -52 -12
8 3
0.876675 0.0694835
 -1  -1  -1  -1 
 -1  -1   1   1 
 -1  -1  -1  -1 
 -1  -1  -1  -1 
2 -52 -12
4 3
0.25329 0.263597
 -1  -1   1  -1 
 -1  -1   1   1 
 -1  -1  -1  -1 
 -1  -1  -1  -1 
3 -48 -10
0 3
0.31006 1
 -1  -1   1   1 
 -1  -1   1   1 
 -1  -1  -1  -1 
 -1  -1  -1  -1 
4 -48 -8
4 3
0.889602 0.263597
 -1  -1   1   1 
 -1  -1   1   1 
 -1  -1  -1  -1 
 -1  -1  -1  -1 
4 -48 -8
4 3
0.0669918 0.263597
 -1  -1   1   1 
 -1   1   1   1 
 -1  -1  -1  -1 
 -1  -1  -1  -1 
5 -44 -6
4 3
0.480328 0.263597
 -1  -1   1   1 
 -1   1   1   1 
 -1  -1  -1  -1 
 -1  -1  -1  -1 
5 -44 -6
0 3
0.90096 1
 -1  -1   1   1 
 -1   1   1  -1 
 -1  -1  -1  -1 
 -1  -1  -1  -1 
4 -44 -8
8 3
0.0899932 0.0694835
 -1  -1   1   1 
 -1   1   1  -1 
 -1  -1  -1  -1 
 -1  -1  -1  -1 
4 -44 -8
4 3
0.276496 0.263597
 -1  -1   1   1 
 -1   1   1  -1 
 -1  -1  -1  -1 
 -1  -1  -1  -1 
4 -44 -8
4 3
0.90365 0.263597
 -1  -1   1   1 
 -1   1   1  -1 
 -1  -1  -1  -1 
 -1  -1  -1  -1 
4 -44 -8
8 3
0.976789 0.0694835
 -1  -1   1   1 
 -1   1   1  -1 
 -1  -1  -1  -1 
 -1  -1  -1  -1 
4 -44 -8
8 3
0.955274 0.0694835
 -1  -1   1   1 
 -1   1   1  -1 
 -1  -1  -1  -1 
 -1  -1  -1  -1 
4 -44 -8
8 3
0.627032 0.0694835
 -1  -1   1   1 
 -1   1   1  -1 
 -1  -1  -1  -1 
 -1  -1  -1  -1 
4 -44 -8
4 3
0.669112 0.263597
 -1  -1   1   1 
 -1   1   1  -1 
 -1  -1  -1  -1 
 -1  -1  -1  -1 
4 -44 -8
4 3
0.347546 0.263597
 -1  -1   1   1 
 -1   1   1  -1 
 -1  -1  -1  -1 
 -1  -1  -1  -1 
4 -44 -8
4 3
0.0195532 0.263597
  1  -1   1   1 
 -1   1   1  -1 
 -1  -1  -1  -1 
 -1  -1  -1  -1 
5 -40 -6
-4 3
0.569292 3.79367
  1   1   1   1 
 -1   1   1  -1 
 -1  -1  -1  -1 
 -1  -1  -1  -1 
6 -44 -4
4 3
0.246197 0.263597
  1   1  -1   1 
 -1   1   1  -1 
 -1  -1  -1  -1 
 -1  -1  -1  -1 
5 -40 -6
-4 3
0.36798 3.79367
  1   1  -1  -1 
 -1   1   1  -1 
 -1  -1  -1  -1 
 -1  -1  -1  -1 
4 -44 -8
0 3
0.893469 1
  1   1  -1  -1 
  1   1   1  -1 
 -1  -1  -1  -1 
 -1  -1  -1  -1 
5 -44 -6
4 3
0.559743 0.263597
  1   1  -1  -1 
  1   1   1  -1 
 -1  -1  -1  -1 
 -1  -1  -1  -1 
5 -44 -6
-4 3
0.332274 3.79367
  1   1  -1  -1 
  1   1  -1  -1 
 -1  -1  -1  -1 
 -1  -1  -1  -1 
4 -48 -8
4 3
0.599317 0.263597
  1   1  -1  -1 
  1   1  -1  -1 
 -1  -1  -1  -1 
 -1  -1  -1  -1 
4 -48 -8
4 3
0.0562674 0.263597
  1   1  -1  -1 
  1   1  -1  -1 
  1  -1  -1  -1 
 -1  -1  -1  -1 
5 -44 -6
0 3
0.596452 1
  1   1  -1  -1 
  1   1  -1  -1 
  1   1  -1  -1 
 -1  -1  -1  -1 
6 -44 -4
4 3
0.258121 0.263597
  1   1  -1  -1 
  1   1  -1  -1 
  1   1   1  -1 
 -1  -1  -1  -1 
7 -40 -2
0 3
0.779055 1
  1   1  -1  -1 
  1   1  -1  -1 
  1   1   1   1 
 -1  -1  -1  -1 
8 -40 0
0 3
0.763279 1
  1   1  -1  -1 
  1   1  -1  -1 
  1   1   1   1 
  1  -1  -1  -1 
9 -40 2
-4 3
0.0585711 3.79367
  1   1  -1  -1 
  1   1  -1  -1 
  1   1   1   1 
  1   1  -1  -1 
10 -44 4
0 3
0.133872 1
  1   1  -1  -1 
  1   1  -1  -1 
  1   1   1   1 
  1   1   1  -1 
11 -44 6
-4 3
0.034178 3.79367
  1   1  -1  -1 
  1   1  -1  -1 
  1   1   1   1 
  1   1   1   1 
12 -48 8
4 3
0.151591 0.263597
 -1   1  -1  -1 
  1   1  -1  -1 
  1   1   1   1 
  1   1   1   1 
11 -44 6
0 3
0.681175 1
 -1  -1  -1  -1 
  1   1  -1  -1 
  1   1   1   1 
  1   1   1   1 
10 -44 4
4 3
0.333778 0.263597
 -1  -1  -1  -1 
  1   1  -1  -1 
  1   1   1   1 
  1   1   1   1 
10 -44 4
4 3
0.486945 0.263597
 -1  -1  -1  -1 
  1   1  -1  -1 
  1   1   1   1 
  1   1   1   1 
10 -44 4
0 3
0.748692 1
 -1  -1  -1  -1 
 -1   1  -1  -1 
  1   1   1   1 
  1   1   1   1 
9 -44 2
-4 3
0.214618 3.79367
 -1  -1  -1  -1 
 -1  -1  -1  -1 
  1   1   1   1 
  1   1   1   1 
8 -48 0
4 3
0.976747 0.263597
 -1  -1  -1  -1 
 -1  -1  -1  -1 
  1   1   1   1 
  1   1   1   1 
8 -48 0
4 3
0.557583 0.263597
 -1  -1  -1  -1 
 -1  -1  -1  -1 
  1   1   1   1 
  1   1   1   1 
8 -48 0
4 3
0.665542 0.263597
 -1  -1  -1  -1 
 -1  -1  -1  -1 
  1   1   1   1 
  1   1   1   1 
8 -48 0
4 3
0.702138 0.263597
 -1  -1  -1  -1 
 -1  -1  -1  -1 
  1   1   1   1 
  1   1   1   1 
8 -48 0
4 3
0.285086 0.263597
 -1  -1  -1  -1 
 -1  -1  -1  -1 
  1   1   1   1 
  1   1   1   1 
8 -48 0
4 3
0.939915 0.263597
 -1  -1  -1  -1 
 -1  -1  -1  -1 
  1   1   1   1 
  1   1   1   1 
8 -48 0
4 3
0.867833 0.263597
 -1  -1  -1  -1 
 -1  -1  -1  -1 
  1   1   1   1 
  1   1   1   1 
8 -48 0
4 3
0.426073 0.263597
 -1  -1  -1  -1 
 -1  -1  -1  -1 
  1   1   1   1 
  1   1   1   1 
8 -48 0
4 3
0.247739 0.263597
 -1  -1  -1  -1 
 -1  -1  -1  -1 
  1   1   1   1 
  1   1  -1   1 
7 -44 -2
0 3
0.00966083 1
 -1  -1  -1  -1 
 -1  -1  -1  -1 
  1   1   1   1 
  1   1  -1  -1 
6 -44 -4
4 3
0.532907 0.263597
 -1  -1  -1  -1 
 -1  -1  -1  -1 
  1   1   1   1 
  1   1  -1  -1 
6 -44 -4
4 3
0.647343 0.263597
 -1  -1  -1  -1 
 -1  -1  -1  -1 
  1   1   1   1 
  1   1  -1  -1 
6 -44 -4
8 3
0.608006 0.0694835
 -1  -1  -1  -1 
 -1  -1  -1  -1 
  1   1   1   1 
  1   1  -1  -1 
6 -44 -4
8 3
0.778599 0.0694835
 -1  -1  -1  -1 
 -1  -1  -1  -1 
  1   1   1   1 
  1   1  -1  -1 
6 -44 -4
4 3
0.69498 0.263597
 -1  -1  -1  -1 
 -1  -1  -1  -1 
  1   1   1   1 
  1   1  -1  -1 
6 -44 -4
4 3
0.652117 0.263597
 -1  -1  -1  -1 
 -1  -1  -1  -1 
  1   1   1   1 
  1   1  -1  -1 
6 -44 -4
4 3
0.403396 0.263597
 -1  -1  -1  -1 
 -1  -1  -1  -1 
  1   1   1   1 
  1   1  -1  -1 
6 -44 -4
4 3
0.562818 0.263597
 -1  -1  -1  -1 
 -1  -1  -1  -1 
  1   1   1   1 
  1   1  -1  -1 
6 -44 -4
4 3
0.754316 0.263597
 -1  -1  -1  -1 
 -1  -1  -1  -1 
  1   1   1   1 
  1   1  -1  -1 
6 -44 -4
4 3
0.940334 0.263597
 -1  -1  -1  -1 
 -1  -1  -1  -1 
  1   1   1   1 
  1   1  -1  -1 
6 -44 -4
0 3
0.303229 1
 -1  -1  -1  -1 
 -1  -1  -1  -1 
  1   1  -1   1 
  1   1  -1  -1 
5 -44 -6
-4 3
0.234518 3.79367
 -1  -1  -1  -1 
 -1  -1  -1  -1 
  1   1  -1  -1 
  1   1  -1  -1 
4 -48 -8
0 3
0.523283 1
 -1  -1  -1  -1 
 -1  -1  -1  -1 
  1   1  -1  -1 
 -1   1  -1  -1 
3 -48 -10
-4 3
0.750627 3.79367
 -1  -1  -1  -1 
 -1  -1  -1  -1 
  1   1  -1  -1 
 -1  -1  -1  -1 
2 -52 -12
8 3
0.461695 0.0694835
 -1  -1  -1  -1 
 -1  -1  -1  -1 
  1   1  -1  -1 
 -1  -1  -1  -1 
2 -52 -12
8 3
0.620439 0.0694835
 -1  -1  -1  -1 
 -1  -1  -1  -1 
  1   1  -1  -1 
 -1  -1  -1  -1 
2 -52 -12
8 3
0.0174527 0.0694835
  1  -1  -1  -1 
 -1  -1  -1  -1 
  1   1  -1  -1 
 -1  -1  -1  -1 
3 -44 -10
4 3
0.0836957 0.263597
  1   1  -1  -1 
 -1  -1  -1  -1 
  1   1  -1  -1 
 -1  -1  -1  -1 
4 -40 -8
4 3
0.765973 0.263597
  1   1  -1  -1 
 -1  -1  -1  -1 
  1   1  -1  -1 
 -1  -1  -1  -1 
4 -40 -8
4 3
0.626371 0.263597
  1   1  -1  -1 
 -1  -1  -1  -1 
  1   1  -1  -1 
 -1  -1  -1  -1 
4 -40 -8
0 3
0.040402 1
  1   1  -1  -1 
  1  -1  -1  -1 
  1   1  -1  -1 
 -1  -1  -1  -1 
5 -40 -6
-4 3
0.73566 3.79367
  1   1  -1  -1 
  1   1  -1  -1 
  1   1  -1  -1 
 -1  -1  -1  -1 
6 -44 -4
4 3
0.980452 0.263597
  1   1  -1  -1 
  1   1  -1  -1 
  1   1  -1  -1 
 -1  -1  -1  -1 
6 -44 -4
4 3
0.683906 0.263597
  1   1  -1  -1 
  1   1  -1  -1 
  1   1  -1  -1 
 -1  -1  -1  -1 
6 -44 -4
0 3
0.0550004 1
  1   1  -1  -1 
  1   1  -1  -1 
 -1   1  -1  -1 
 -1  -1  -1  -1 
5 -44 -6
-4 3
0.691734 3.79367
  1   1  -1  -1 
  1   1  -1  -1 
 -1  -1  -1  -1 
 -1  -1  -1  -1 
4 -48 -8
8 3
0.904554 0.0694835
  1   1  -1  -1 
  1   1  -1  -1 
 -1  -1  -1  -1 
 -1  -1  -1  -1 
4 -48 -8
8 3
0.982883 0.0694835
  1   1  -1  -1 
  1   1  -1  -1 
 -1  -1  -1  -1 
 -1  -1  -1  -1 
4 -48 -8
4 3
0.191013 0.263597
  1   1  -1  -1 
  1   1  -1  -1 
 -1  -1  -1  -1 
  1  -1  -1  -1 
5 -44 -6
0 3
0.718898 1
  1   1  -1  -1 
  1   1  -1  -1 
 -1  -1  -1  -1 
  1   1  -1  -1 
6 -44 -4
4 3
0.452982 0.263597
  1   1  -1  -1 
  1   1  -1  -1 
 -1  -1  -1  -1 
  1   1  -1  -1 
6 -44 -4
4 3
0.359833 0.263597
  1   1  -1  -1 
  1   1  -1  -1 
 -1  -1  -1  -1 
  1   1  -1  -1 
6 -44 -4
4 3
0.751822 0.263597
  1   1  -1  -1 
  1   1  -1  -1 
 -1  -1  -1  -1 
  1   1  -1  -1 
6 -44 -4
4 3
0.980498 0.263597
  1   1  -1  -1 
  1   1  -1  -1 
 -1  -1  -1  -1 
  1   1  -1  -1 
6 -44 -4
4 3
0.355392 0.263597
  1   1  -1  -1 
  1   1  -1  -1 
 -1  -1  -1  -1 
  1   1  -1  -1 
6 -44 -4
4 3
0.590892 0.263597
  1   1  -1  -1 
  1   1  -1  -1 
 -1  -1  -1  -1 
  1   1  -1  -1 
6 -44 -4
0 3
0.858296 1
  1   1  -1  -1 
 -1   1  -1  -1 
 -1  -1  -1  -1 
  1   1  -1  -1 
5 -44 -6
-4 3
0.729915 3.79367
  1   1  -1  -1 
 -1  -1  -1  -1 
 -1  -1  -1  -1 
  1   1  -1  -1 
4 -48 -8
8 3
0.660494 0.0694835
  1   1  -1  -1 
 -1  -1  -1  -1 
 -1  -1  -1  -1 
  1   1  -1  -1 
4 -48 -8
8 3
0.294795 0.0694835
  1   1  -1  -1 
 -1  -1  -1  -1 
 -1  -1  -1  -1 
  1   1  -1  -1 
4 -48 -8
4 3
0.161836 0.263597
  1   1  -1  -1 
 -1  -1  -1  -1 
  1  -1  -1  -1 
  1   1  -1  -1 
5 -44 -6
0 3
0.337085 1
  1   1  -1  -1 
 -1  -1  -1  -1 
  1   1  -1  -1 
  1   1  -1  -1 
6 -44 -4
4 3
0.589875 0.263597
  1   1  -1  -1 
 -1  -1  -1  -1 
  1   1  -1  -1 
  1   1  -1  -1 
6 -44 -4
4 3
0.0603352 0.263597
  1   1  -1  -1 
 -1  -1  -1  -1 
  1   1  -1   1 
  1   1  -1  -1 
7 -40 -2
4 3
0.0460806 0.263597
  1   1  -1  -1 
 -1  -1  -1  -1 
  1   1  -1   1 
 -1   1  -1  -1 
6 -36 -4
0 3
0.0840848 1
  1   1  -1  -1 
 -1  -1  -1  -1 
  1   1  -1   1 
 -1  -1  -1  -1 
5 -36 -6
8 3
0.81207 0.0694835
  1   1  -1  -1 
 -1  -1  -1  -1 
  1   1  -1   1 
 -1  -1  -1  -1 
5 -36 -6
4 3
0.228358 0.263597
  1   1  -1  -1 
 -1  -1  -1  -1 
  1   1  -1   1 
 -1  -1  -1   1 
6 -32 -4
-4 3
0.0859628 3.79367
 -1   1  -1  -1 
 -1  -1  -1  -1 
  1   1  -1   1 
 -1  -1  -1   1 
5 -36 -6
-8 3
0.926309 14.3919
 -1  -1  -1  -1 
 -1  -1  -1  -1 
  1   1  -1   1 
 -1  -1  -1   1 
4 -44 -8
8 3
0.0202592 0.0694835
 -1  -1   1  -1 
 -1  -1  -1  -1 
  1   1  -1   1 
 -1  -1  -1   1 
5 -36 -6
0 3
0.327731 1
 -1  -1   1   1 
 -1  -1  -1  -1 
  1   1  -1   1 
 -1  -1  -1   1 
6 -36 -4
4 3
0.22983 0.263597
 -1  -1   1   1 
  1  -1  -1  -1 
  1   1  -1   1 
 -1  -1  -1   1 
7 -32 -2
0 3
0.747528 1
 -1  -1   1   1 
  1   1  -1  -1 
  1   1  -1   1 
 -1  -1  -1   1 
8 -32 0
0 3
0.629355 1
 -1  -1   1   1 
  1   1   1  -1 
  1   1  -1   1 
 -1  -1  -1   1 
9 -32 2
-8 3
0.323778 14.3919
 -1  -1   1   1 
  1   1   1   1 
  1   1  -1   1 
 -1  -1  -1   1 
10 -40 4
4 3
0.230138 0.263597
 -1  -1   1   1 
  1   1   1   1 
 -1   1  -1   1 
 -1  -1  -1   1 
9 -36 2
-4 3
0.926351 3.79367
 -1  -1   1   1 
  1   1   1   1 
 -1  -1  -1   1 
 -1  -1  -1   1 
8 -40 0
0 3
0.80784 1
 -1  -1   1   1 
  1   1   1   1 
 -1  -1   1   1 
 -1  -1  -1   1 
9 -40 2
4 3
0.491797 0.263597
 -1  -1   1   1 
  1   1   1   1 
 -1  -1   1   1 
 -1  -1  -1   1 
9 -40 2
4 3
0.677711 0.263597
 -1  -1   1   1 
  1   1   1   1 
 -1  -1   1   1 
 -1  -1  -1   1 
9 -40 2
8 3
0.0676047 0.0694835
 -1  -1   1   1 
  1   1   1   1 
 -1  -1   1   1 
 -1   1  -1   1 
10 -32 4
-8 3
0.47599 14.3919
 -1  -1   1   1 
  1   1   1   1 
 -1  -1   1   1 
 -1   1   1   1 
11 -40 6
4 3
0.719449 0.263597
 -1  -1   1   1 
  1   1   1   1 
 -1  -1   1   1 
 -1   1   1   1 
11 -40 6
0 3
0.675573 1
  1  -1   1   1 
  1   1   1   1 
 -1  -1   1   1 
 -1   1   1   1 
12 -40 8
-8 3
0.041744 14.3919
  1   1   1   1 
  1   1   1   1 
 -1  -1   1   1 
 -1   1   1   1 
13 -48 10
8 3
0.222703 0.0694835
  1   1   1   1 
  1   1   1   1 
 -1  -1   1   1 
 -1   1   1   1 
13 -48 10
8 3
0.17087 0.0694835
  1   1   1   1 
  1   1   1   1 
 -1  -1   1   1 
 -1   1   1   1 
13 -48 10
4 3
0.0249648 0.263597
  1   1   1   1 
 -1   1   1   1 
 -1  -1   1   1 
 -1   1   1   1 
12 -44 8
0 3
0.977456 1
  1   1   1   1 
 -1  -1   1   1 
 -1  -1   1   1 
 -1   1   1   1 
11 -44 6
4 3
0.153459 0.263597
  1   1   1   1 
 -1  -1  -1   1 
 -1  -1   1   1 
 -1   1   1   1 
10 -40 4
0 3
0.843972 1
  1   1   1   1 
 -1  -1  -1  -1 
 -1  -1   1   1 
 -1   1   1   1 
9 -40 2
4 3
0.452578 0.263597
  1   1   1   1 
 -1  -1  -1  -1 
 -1  -1   1   1 
 -1   1   1   1 
9 -40 2
0 3
0.927275 1
  1   1   1   1 
 -1  -1  -1  -1 
 -1   1   1   1 
 -1   1   1   1 
10 -40 4
4 3
0.699722 0.263597
  1   1   1   1 
 -1  -1  -1  -1 
 -1   1   1   1 
 -1   1   1   1 
10 -40 4
0 3
0.243324 1
  1   1   1   1 
 -1  -1  -1  -1 
 -1   1   1  -1 
 -1   1   1   1 
9 -40 2
-4 3
0.240163 3.79367
  1   1   1   1 
 -1  -1  -1  -1 
 -1   1   1  -1 
  1   1   1   1 
10 -44 4
8 3
0.0842725 0.0694835
  1   1   1   1 
 -1  -1  -1  -1 
 -1   1   1  -1 
  1   1   1   1 
10 -44 4
8 3
0.284431 0.0694835
  1   1   1   1 
 -1  -1  -1  -1 
 -1   1   1  -1 
  1   1   1   1 
10 -44 4
4 3
0.815525 0.263597
  1   1   1   1 
 -1  -1  -1  -1 
 -1   1   1  -1 
  1   1   1   1 
10 -44 4
4 3
0.212987 0.263597
 -1   1   1   1 
 -1  -1  -1  -1 
 -1   1   1  -1 
  1   1   1   1 
9 -40 2
0 3
0.964802 1
 -1  -1   1   1 
 -1  -1  -1  -1 
 -1   1   1  -1 
  1   1   1   1 
8 -40 0
0 3
0.392649 1
 -1  -1  -1   1 
 -1  -1  -1  -1 
 -1   1   1  -1 
  1   1   1   1 
7 -40 -2
-4 3
0.735608 3.79367
 -1  -1  -1  -1 
 -1  -1  -1  -1 
 -1   1   1  -1 
  1   1   1   1 
6 -44 -4
8 3
0.862128 0.0694835
 -1  -1  -1  -1 
 -1  -1  -1  -1 
 -1   1   1  -1 
  1   1   1   1 
6 -44 -4
4 3
0.521917 0.263597
 -1  -1  -1  -1 
 -1  -1  -1  -1 
 -1   1   1  -1 
  1   1   1   1 
6 -44 -4
4 3
0.309894 0.263597
 -1  -1  -1  -1 
 -1  -1  -1  -1 
 -1   1   1  -1 
  1   1   1   1 
6 -44 -4
8 3
0.90587 0.0694835
 -1  -1  -1  -1 
 -1  -1  -1  -1 
 -1   1   1  -1 
  1   1   1   1 
6 -44 -4
0 3
0.563292 1
 -1  -1  -1  -1 
 -1  -1  -1  -1 
  1   1   1  -1 
  1   1   1   1 
7 -44 -2
4 3
0.313013 0.263597
 -1  -1  -1  -1 
 -1  -1  -1  -1 
  1   1   1  -1 
  1   1   1   1 
7 -44 -2
0 3
0.373735 1
 -1  -1  -1  -1 
 -1  -1  -1  -1 
  1   1  -1  -1 
  1   1   1   1 
6 -44 -4
0 3
0.186465 1
 -1  -1  -1  -1 
 -1  -1  -1  -1 
  1   1  -1   1 
  1   1   1   1 
7 -44 -2
4 3
0.0559803 0.263597
 -1  -1  -1  -1 
 -1  -1  -1  -1 
  1   1  -1   1 
 -1   1   1   1 
6 -40 -4
0 3
0.160406 1
 -1  -1  -1  -1 
 -1  -1  -1  -1 
  1   1  -1   1 
 -1  -1   1   1 
5 -40 -6
-4 3
0.813487 3.79367
 -1  -1  -1  -1 
 -1  -1  -1  -1 
  1   1  -1   1 
 -1  -1  -1   1 
4 -44 -8
-4 3
0.156148 3.79367
 -1  -1  -1  -1 
 -1  -1  -1  -1 
  1   1  -1   1 
 -1  -1  -1  -1 
3 -48 -10
8 3
0.135759 0.0694835
 -1  -1  -1  -1 
 -1  -1  -1  -1 
  1   1  -1   1 
 -1  -1  -1  -1 
3 -48 -10
8 3
0.832446 0.0694835
 -1  -1  -1  -1 
 -1  -1  -1  -1 
  1   1  -1   1 
 -1  -1  -1  -1 
3 -48 -10
8 3
0.249464 0.0694835
 -1  -1  -1  -1 
 -1  -1  -1  -1 
  1   1  -1   1 
 -1  -1  -1  -1 
3 -48 -10
8 3
0.761948 0.0694835
 -1  -1  -1  -1 
 -1  -1  -1  -1 
  1   1  -1   1 
 -1  -1  -1  -1 
3 -48 -10
4 3
0.477685 0.263597
 -1  -1  -1  -1 
 -1  -1  -1  -1 
  1   1  -1   1 
 -1  -1  -1  -1 
3 -48 -10
4 3
0.19689 0.263597
 -1  -1  -1  -1 
 -1   1  -1  -1 
  1   1  -1   1 
 -1  -1  -1  -1 
4 -44 -8
4 3
0.969126 0.263597
 -1  -1  -1  -1 
 -1   1  -1  -1 
  1   1  -1   1 
 -1  -1  -1  -1 
4 -44 -8
4 3
0.216534 0.263597
 -1  -1  -1  -1 
 -1   1  -1   1 
  1   1  -1   1 
 -1  -1  -1  -1 
5 -40 -6
0 3
0.100341 1
 -1  -1  -1  -1 
 -1   1  -1   1 
 -1   1  -1   1 
 -1  -1  -1  -1 
4 -40 -8
-4 3
0.739405 3.79367
 -1  -1  -1  -1 
 -1   1  -1   1 
 -1  -1  -1   1 
 -1  -1  -1  -1 
3 -44 -10
4 3
0.263105 0.263597
 -1  -1  -1  -1 
 -1   1  -1   1 
 -1  -1   1   1 
 -1  -1  -1  -1 
4 -40 -8
0 3
0.396204 1
 -1  -1  -1  -1 
 -1   1  -1   1 
 -1  -1   1  -1 
 -1  -1  -1  -1 
3 -40 -10
8 3
0.246537 0.0694835
 -1  -1  -1  -1 
 -1   1  -1   1 
 -1  -1   1  -1 
 -1  -1  -1  -1 
3 -40 -10
8 3
0.632605 0.0694835
 -1  -1  -1  -1 
 -1   1  -1   1 
 -1  -1   1  -1 
 -1  -1  -1  -1 
3 -40 -10
4 3
0.494709 0.263597
 -1  -1  -1  -1 
 -1   1  -1   1 
 -1  -1   1  -1 
 -1  -1  -1  -1 
3 -40 -10
8 3
0.699834 0.0694835
 -1  -1  -1  -1 
 -1   1  -1   1 
 -1  -1   1  -1 
 -1  -1  -1  -1 
3 -40 -10
8 3
0.448034 0.0694835
 -1  -1  -1  -1 
 -1   1  -1   1 
 -1  -1   1  -1 
 -1  -1  -1  -1 
3 -40 -10
4 3
0.975364 0.263597
 -1  -1  -1  -1 
 -1   1  -1   1 
 -1  -1   1  -1 
 -1  -1  -1  -1 
3 -40 -10
8 3
0.231349 0.0694835
 -1  -1  -1  -1 
 -1   1  -1   1 
 -1  -1   1  -1 
 -1  -1  -1  -1 
3 -40 -10
4 3
0.0718415 0.263597
 -1  -1  -1   1 
 -1   1  -1   1 
 -1  -1   1  -1 
 -1  -1  -1  -1 
4 -36 -8
0 3
0.598853 1
 -1  -1  -1   1 
  1   1  -1   1 
 -1  -1   1  -1 
 -1  -1  -1  -1 
5 -36 -6
-4 3
0.30788 3.79367
 -1  -1  -1   1 
  1  -1  -1   1 
 -1  -1   1  -1 
 -1  -1  -1  -1 
4 -40 -8
0 3
0.86703 1
 -1  -1  -1   1 
  1  -1   1   1 
 -1  -1   1  -1 
 -1  -1  -1  -1 
5 -40 -6
4 3
0.85702 0.263597
 -1  -1  -1   1 
  1  -1   1   1 
 -1  -1   1  -1 
 -1  -1  -1  -1 
5 -40 -6
4 3
0.965203 0.263597
 -1  -1  -1   1 
  1  -1   1   1 
 -1  -1   1  -1 
 -1  -1  -1  -1 
5 -40 -6
4 3
0.805942 0.263597
 -1  -1  -1   1 
  1  -1   1   1 
 -1  -1   1  -1 
 -1  -1  -1  -1 
5 -40 -6
-4 3
0.346135 3.79367
 -1  -1  -1   1 
  1  -1   1   1 
 -1  -1  -1  -1 
 -1  -1  -1  -1 
4 -44 -8
4 3
0.349226 0.263597
 -1  -1  -1   1 
  1  -1   1   1 
 -1  -1  -1  -1 
 -1  -1  -1  -1 
4 -44 -8
8 3
0.0461818 0.0694835
 -1  -1  -1   1 
  1  -1   1   1 
 -1  -1  -1  -1 
  1  -1  -1  -1 
5 -36 -6
4 3
0.132621 0.263597
 -1  -1  -1   1 
  1  -1   1   1 
 -1  -1  -1  -1 
  1   1  -1  -1 
6 -32 -4
4 3
0.858146 0.263597
 -1  -1  -1   1 
  1  -1   1   1 
 -1  -1  -1  -1 
  1   1  -1  -1 
6 -32 -4
0 3
0.00429383 1
 -1  -1  -1   1 
  1  -1   1   1 
 -1  -1  -1  -1 
  1   1  -1   1 
7 -32 -2
-4 3
0.685104 3.79367
  1  -1  -1   1 
  1  -1   1   1 
 -1  -1  -1  -1 
  1   1  -1   1 
8 -36 0
0 3
0.331125 1
  1   1  -1   1 
  1  -1   1   1 
 -1  -1  -1  -1 
  1   1  -1   1 
9 -36 2
-4 3
0.793594 3.79367
  1   1   1   1 
  1  -1   1   1 
 -1  -1  -1  -1 
  1   1  -1   1 
10 -40 4
8 3
0.620879 0.0694835
  1   1   1   1 
  1  -1   1   1 
 -1  -1  -1  -1 
  1   1  -1   1 
10 -40 4
0 3
0.349037 1
  1   1   1   1 
 -1  -1   1   1 
 -1  -1  -1  -1 
  1   1  -1   1 
9 -40 2
0 3
0.846643 1
  1   1   1   1 
 -1   1   1   1 
 -1  -1  -1  -1 
  1   1  -1   1 
10 -40 4
4 3
0.538419 0.263597
  1   1   1   1 
 -1   1   1   1 
 -1  -1  -1  -1 
  1   1  -1   1 
10 -40 4
0 3
0.580509 1
  1   1   1   1 
 -1   1   1  -1 
 -1  -1  -1  -1 
  1   1  -1   1 
9 -40 2
4 3
0.307741 0.263597
  1   1   1   1 
 -1   1   1  -1 
 -1  -1  -1  -1 
  1   1  -1   1 
9 -40 2
0 3
0.532309 1
  1   1   1   1 
 -1   1   1  -1 
 -1   1  -1  -1 
  1   1  -1   1 
10 -40 4
0 3
0.481675 1
  1   1   1   1 
 -1   1   1  -1 
 -1   1   1  -1 
  1   1  -1   1 
11 -40 6
0 3
0.0634565 1
  1   1   1   1 
 -1   1   1  -1 
 -1   1   1   1 
  1   1  -1   1 
12 -40 8
4 3
0.286532 0.263597
  1   1   1   1 
 -1   1   1  -1 
 -1   1   1   1 
  1   1  -1   1 
12 -40 8
4 3
0.740864 0.263597
  1   1   1   1 
 -1   1   1  -1 
 -1   1   1   1 
  1   1  -1   1 
12 -40 8
-8 3
0.997431 14.3919
  1   1   1   1 
 -1   1   1  -1 
 -1   1   1   1 
  1   1   1   1 
13 -48 10
8 3
0.0404072 0.0694835
  1   1   1   1 
 -1   1   1  -1 
 -1   1   1   1 
  1   1   1  -1 
12 -40 8
4 3
0.682463 0.263597
  1   1   1   1 
 -1   1   1  -1 
 -1   1   1   1 
  1   1   1  -1 
12 -40 8
8 3
0.992049 0.0694835
  1   1   1   1 
 -1   1   1  -1 
 -1   1   1   1 
  1   1   1  -1 
12 -40 8
8 3
0.908099 0.0694835
  1   1   1   1 
 -1   1   1  -1 
 -1   1   1   1 
  1   1   1  -1 
12 -40 8
0 3
0.334556 1
  1   1   1  -1 
 -1   1   1  -1 
 -1   1   1   1 
  1   1   1  -1 
11 -40 6
0 3
0.282243 1
  1   1   1  -1 
  1   1   1  -1 
 -1   1   1   1 
  1   1   1  -1 
12 -40 8
8 3
0.59492 0.0694835
  1   1   1  -1 
  1   1   1  -1 
 -1   1   1   1 
  1   1   1  -1 
12 -40 8
4 3
0.877392 0.263597
  1   1   1  -1 
  1   1   1  -1 
 -1   1   1   1 
  1   1   1  -1 
12 -40 8
-4 3
0.521093 3.79367
  1   1   1  -1 
  1   1   1   1 
 -1   1   1   1 
  1   1   1  -1 
13 -44 10
-8 3
0.719077 14.3919
  1   1   1  -1 
  1   1   1   1 
  1   1   1   1 
  1   1   1  -1 
14 -52 12
8 3
0.915679 0.0694835
  1   1   1  -1 
  1   1   1   1 
  1   1   1   1 
  1   1   1  -1 
14 -52 12
8 3
0.549564 0.0694835
  1   1   1  -1 
  1   1   1   1 
  1   1   1   1 
  1   1   1  -1 
14 -52 12
4 3
0.25024 0.263597
  1   1   1  -1 
  1   1   1   1 
  1   1   1  -1 
  1   1   1  -1 
13 -48 10
4 3
0.874553 0.263597
  1   1   1  -1 
  1   1   1   1 
  1   1   1  -1 
  1   1   1  -1 
13 -48 10
8 3
0.336945 0.0694835
  1   1   1  -1 
  1   1   1   1 
  1   1   1  -1 
  1   1   1  -1 
13 -48 10
4 3
0.718834 0.263597
  1   1   1  -1 
  1   1   1   1 
  1   1   1  -1 
  1   1   1  -1 
13 -48 10
0 3
0.13561 1
  1   1   1  -1 
  1   1   1   1 
  1   1   1  -1 
  1   1   1   1 
14 -48 12
4 3
0.143626 0.263597
 -1   1   1  -1 
  1   1   1   1 
  1   1   1  -1 
  1   1   1   1 
13 -44 10
4 3
0.0521349 0.263597
 -1  -1   1  -1 
  1   1   1   1 
  1   1   1  -1 
  1   1   1   1 
12 -40 8
0 3
0.242027 1
 -1  -1  -1  -1 
  1   1   1   1 
  1   1   1  -1 
  1   1   1   1 
11 -40 6
0 3
0.638828 1
 -1  -1  -1   1 
  1   1   1   1 
  1   1   1  -1 
  1   1   1   1 
12 -40 8
4 3
0.436076 0.263597
 -1  -1  -1   1 
  1   1   1   1 
  1   1   1  -1 
  1   1   1   1 
12 -40 8
4 3
0.83883 0.263597
 -1  -1  -1   1 
  1   1   1   1 
  1   1   1  -1 
  1   1   1   1 
12 -40 8
4 3
0.72916 0.263597
 -1  -1  -1   1 
  1   1   1   1 
  1   1   1  -1 
  1   1   1   1 
12 -40 8
4 3
0.209803 0.263597
 -1  -1  -1   1 
  1   1   1  -1 
  1   1   1  -1 
  1   1   1   1 
11 -36 6
4 3
0.767897 0.263597
 -1  -1  -1   1 
  1   1   1  -1 
  1   1   1  -1 
  1   1   1   1 
11 -36 6
8 3
0.130613 0.0694835
 -1  -1  -1   1 
  1   1   1  -1 
  1   1   1  -1 
  1   1   1   1 
11 -36 6
4 3
0.949895 0.263597
 -1  -1  -1   1 
  1   1   1  -1 
  1   1   1  -1 
  1   1   1   1 
11 -36 6
-4 3
0.808929 3.79367
 -1  -1  -1   1 
  1   1   1  -1 
  1   1   1   1 
  1   1   1   1 
12 -40 8
4 3
0.951574 0.263597
 -1  -1  -1   1 
  1   1   1  -1 
  1   1   1   1 
  1   1   1   1 
12 -40 8
4 3
0.728096 0.263597
 -1  -1  -1   1 
  1   1   1  -1 
  1   1   1   1 
  1   1   1   1 
12 -40 8
4 3
0.230532 0.263597
 -1  -1  -1   1 
  1   1   1  -1 
  1   1   1   1 
  1   1  -1   1 
11 -36 6
4 3
0.317114 0.263597
 -1  -1  -1   1 
  1   1   1  -1 
  1   1   1   1 
  1   1  -1   1 
11 -36 6
-4 3
0.196325 3.79367
  1  -1  -1   1 
  1   1   1  -1 
  1   1   1   1 
  1   1  -1   1 
12 -40 8
-4 3
0.575601 3.79367
  1   1  -1   1 
  1   1   1  -1 
  1   1   1   1 
  1   1  -1   1 
13 -44 10
-4 3
0.27342 3.79367
  1   1   1   1 
  1   1   1  -1 
  1   1   1   1 
  1   1  -1   1 
14 -48 12
4 3
0.287469 0.263597
  1   1   1   1 
  1   1   1  -1 
  1   1   1   1 
  1   1  -1   1 
14 -48 12
4 3
0.573668 0.263597
  1   1   1   1 
  1   1   1  -1 
  1   1   1   1 
  1   1  -1   1 
14 -48 12
8 3
0.606299 0.0694835
  1   1   1   1 
  1   1   1  -1 
  1   1   1   1 
  1   1  -1   1 
14 -48 12
4 3
0.766864 0.263597
  1   1   1   1 
  1   1   1  -1 
  1   1   1   1 
  1   1  -1   1 
14 -48 12
-8 3
0.0800858 14.3919
  1   1   1   1 
  1   1   1   1 
  1   1   1   1 
  1   1  -1   1 
15 -56 14
8 3
0.658088 0.0694835
  1   1   1   1 
  1   1   1   1 
  1   1   1   1 
  1   1  -1   1 
15 -56 14
8 3
0.233167 0.0694835
  1   1   1   1 
  1   1   1   1 
  1   1   1   1 
  1   1  -1   1 
15 -56 14
4 3
0.890196 0.263597
  1   1   1   1 
  1   1   1   1 
  1   1   1   1 
  1   1  -1   1 
15 -56 14
8 3
0.332775 0.0694835
  1   1   1   1 
  1   1   1   1 
  1   1   1   1 
  1   1  -1   1 
15 -56 14
8 3
0.836548 0.0694835
  1   1   1   1 
  1   1   1   1 
  1   1   1   1 
  1   1  -1   1 
15 -56 14
4 3
0.687642 0.263597
  1   1   1   1 
  1   1   1   1 
  1   1   1   1 
  1   1  -1   1 
15 -56 14
-8 3
0.287748 14.3919
  1   1   1   1 
  1   1   1   1 
  1   1   1   1 
  1   1   1   1 
16 -64 16
8 3
0.502586 0.0694835
  1   1   1   1 
  1   1   1   1 
  1   1   1   1 
  1   1   1   1 
16 -64 16
8 3
0.624199 0.0694835
  1   1   1   1 
  1   1   1   1 
  1   1   1   1 
  1   1   1   1 
16 -64 16
8 3
0.163262 0.0694835
  1   1   1   1 
  1   1   1   1 
  1   1   1   1 
  1   1   1   1 
16 -64 16
8 3
0.592077 0.0694835
  1   1   1   1 
  1   1   1   1 
  1   1   1   1 
  1   1   1   1 
16 -64 16
8 3
0.30214 0.0694835
  1   1   1   1 
  1   1   1   1 
  1   1   1   1 
  1   1   1   1 
16 -64 16
8 3
0.423164 0.0694835
  1   1   1   1 
  1   1   1   1 
  1   1   1   1 
  1   1   1   1 
16 -64 16
8 3
0.360507 0.0694835
  1   1   1   1 
  1   1   1   1 
  1   1   1   1 
  1   1   1   1 
16 -64 16
8 3
0.331214 0.0694835
  1   1   1   1 
  1   1   1   1 
  1   1   1   1 
  1   1   1   1 
16 -64 16
8 3
0.296955 0.0694835
  1   1   1   1 
  1   1   1   1 
  1   1   1   1 
  1   1   1   1 
16 -64 16
8 3
0.380351 0.0694835
  1   1   1   1 
  1   1   1   1 
  1   1   1   1 
  1   1   1   1 
16 -64 16
8 3
0.901131 0.0694835
  1   1   1   1 
  1   1   1   1 
  1   1   1   1 
  1   1   1   1 
16 -64 16
8 3
0.574887 0.0694835
  1   1   1   1 
  1   1   1   1 
  1   1   1   1 
  1   1   1   1 
16 -64 16
8 3
0.919215 0.0694835
  1   1   1   1 
  1   1   1   1 
  1   1   1   1 
  1   1   1   1 
16 -64 16
8 3
0.958703 0.0694835
  1   1   1   1 
  1   1   1   1 
  1   1   1   1 
  1   1   1   1 
16 -64 16
8 3
0.894271 0.0694835
  1   1   1   1 
  1   1   1   1 
  1   1   1   1 
  1   1   1   1 
16 -64 16
8 3
0.481245 0.0694835
  1   1   1   1 
  1   1   1   1 
  1   1   1   1 
  1   1   1   1 
16 -64 16
8 3
0.246276 0.0694835
  1   1   1   1 
  1   1   1   1 
  1   1   1   1 
  1   1   1   1 
16 -64 16
8 3
0.819811 0.0694835
  1   1   1   1 
  1   1   1   1 
  1   1   1   1 
  1   1   1   1 
16 -64 16
8 3
0.667922 0.0694835
  1   1   1   1 
  1   1   1   1 
  1   1   1   1 
  1   1   1   1 
16 -64 16
8 3
0.560815 0.0694835
  1   1   1   1 
  1   1   1   1 
  1   1   1   1 
  1   1   1   1 
16 -64 16
8 3
0.284036 0.0694835
  1   1   1   1 
  1   1   1   1 
  1   1   1   1 
  1   1   1   1 
16 -64 16
8 3
0.722943 0.0694835
  1   1   1   1 
  1   1   1   1 
  1   1   1   1 
  1   1   1   1 
16 -64 16
8 3
0.911288 0.0694835
  1   1   1   1 
  1   1   1   1 
  1   1   1   1 
  1   1   1   1 
16 -64 16
8 3
0.564588 0.0694835
  1   1   1   1 
  1   1   1   1 
  1   1   1   1 
  1   1   1   1 
16 -64 16
8 3
0.330041 0.0694835
  1   1   1   1 
  1   1   1   1 
  1   1   1   1 
  1   1   1   1 
16 -64 16
8 3
0.0956299 0.0694835
  1   1   1   1 
  1   1   1   1 
  1   1   1   1 
  1   1   1   1 
16 -64 16
8 3
0.640897 0.0694835
  1   1   1   1 
  1   1   1   1 
  1   1   1   1 
  1   1   1   1 
16 -64 16
8 3
0.963088 0.0694835
  1   1   1   1 
  1   1   1   1 
  1   1   1   1 
  1   1   1   1 
16 -64 16
8 3
0.52266 0.0694835
  1   1   1   1 
  1   1   1   1 
  1   1   1   1 
  1   1   1   1 
16 -64 16
8 3
0.951178 0.0694835
  1   1   1   1 
  1   1   1   1 
  1   1   1   1 
  1   1   1   1 
16 -64 16
8 3
0.280812 0.0694835
  1   1   1   1 
  1   1   1   1 
  1   1   1   1 
  1   1   1   1 
16 -64 16
8 3
0.460013 0.0694835
  1   1   1   1 
  1   1   1   1 
  1   1   1   1 
  1   1   1   1 
16 -64 16
8 3
0.284721 0.0694835
  1   1   1   1 
  1   1   1   1 
  1   1   1   1 
  1   1   1   1 
16 -64 16
8 3
0.552777 0.0694835
  1   1   1   1 
  1   1   1   1 
  1   1   1   1 
  1   1   1   1 
16 -64 16
8 3
0.819637 0.0694835
  1   1   1   1 
  1   1   1   1 
  1   1   1   1 
  1   1   1   1 
16 -64 16
8 3
0.984956 0.0694835
  1   1   1   1 
  1   1   1   1 
  1   1   1   1 
  1   1   1   1 
16 -64 16
8 3
0.526081 0.0694835
  1   1   1   1 
  1   1   1   1 
  1   1   1   1 
  1   1   1   1 
16 -64 16
8 3
0.20908 0.0694835
  1   1   1   1 
  1   1   1   1 
  1   1   1   1 
  1   1   1   1 
16 -64 16
8 3
0.0404062 0.0694835
  1   1   1   1 
  1  -1   1   1 
  1   1   1   1 
  1   1   1   1 
15 -56 14
4 3
0.817354 0.263597
  1   1   1   1 
  1  -1   1   1 
  1   1   1   1 
  1   1   1   1 
15 -56 14
8 3
0.906921 0.0694835
  1   1   1   1 
  1  -1   1   1 
  1   1   1   1 
  1   1   1   1 
15 -56 14
8 3
0.138506 0.0694835
  1   1   1   1 
  1  -1   1   1 
  1   1   1   1 
  1   1   1   1 
15 -56 14
4 3
0.586723 0.263597
  1   1   1   1 
  1  -1   1   1 
  1   1   1   1 
  1   1   1   1 
15 -56 14
8 3
0.287216 0.0694835
  1   1   1   1 
  1  -1   1   1 
  1   1   1   1 
  1   1   1   1 
15 -56 14
8 3
0.485271 0.0694835
  1   1   1   1 
  1  -1   1   1 
  1   1   1   1 
  1   1   1   1 
15 -56 14
8 3
0.818435 0.0694835
  1   1   1   1 
  1  -1   1   1 
  1   1   1   1 
  1   1   1   1 
15 -56 14
8 3
0.864324 0.0694835
  1   1   1   1 
  1  -1   1   1 
  1   1   1   1 
  1   1   1   1 
15 -56 14
8 3
0.0252724 0.0694835
  1   1   1   1 
  1  -1   1   1 
  1   1   1   1 
  1   1  -1   1 
14 -48 12
4 3
0.504172 0.263597
  1   1   1   1 
  1  -1   1   1 
  1   1   1   1 
  1   1  -1   1 
14 -48 12
8 3
0.742481 0.0694835
  1   1   1   1 
  1  -1   1   1 
  1   1   1   1 
  1   1  -1   1 
14 -48 12
4 3
0.577816 0.263597
  1   1   1   1 
  1  -1   1   1 
  1   1   1   1 
  1   1  -1   1 
14 -48 12
4 3
0.944027 0.263597
  1   1   1   1 
  1  -1   1   1 
  1   1   1   1 
  1   1  -1   1 
14 -48 12
8 3
0.909504 0.0694835
  1   1   1   1 
  1  -1   1   1 
  1   1   1   1 
  1   1  -1   1 
14 -48 12
4 3
0.492339 0.263597
  1   1   1   1 
  1  -1   1   1 
  1   1   1   1 
  1   1  -1   1 
14 -48 12
-8 3
0.0435883 14.3919
  1   1   1   1 
  1   1   1   1 
  1   1   1   1 
  1   1  -1   1 
15 -56 14
8 3
0.104209 0.0694835
  1   1   1   1 
  1   1   1   1 
  1   1   1   1 
  1   1  -1   1 
15 -56 14
8 3
0.359365 0.0694835
  1   1   1   1 
  1   1   1   1 
  1   1   1   1 
  1   1  -1   1 
15 -56 14
8 3
0.728507 0.0694835
  1   1   1   1 
  1   1   1   1 
  1   1   1   1 
  1   1  -1   1 
15 -56 14
8 3
0.715567 0.0694835
  1   1   1   1 
  1   1   1   1 
  1   1   1   1 
  1   1  -1   1 
15 -56 14
4 3
0.00200648 0.263597
  1   1   1   1 
  1   1   1   1 
  1   1  -1   1 
  1   1  -1   1 
14 -52 12
4 3
0.342793 0.263597
  1   1   1   1 
  1   1   1   1 
  1   1  -1   1 
  1   1  -1   1 
14 -52 12
8 3
0.64336 0.0694835
  1   1   1   1 
  1   1   1   1 
  1   1  -1   1 
  1   1  -1   1 
14 -52 12
4 3
0.132163 0.263597
  1   1   1   1 
  1   1   1   1 
  1   1  -1   1 
  1  -1  -1   1 
13 -48 10
0 3
0.662908 1
  1   1   1   1 
  1   1   1   1 
  1   1  -1   1 
  1  -1   1   1 
14 -48 12
8 3
0.609178 0.0694835
  1   1   1   1 
  1   1   1   1 
  1   1  -1   1 
  1  -1   1   1 
14 -48 12
8 3
0.57809 0.0694835
  1   1   1   1 
  1   1   1   1 
  1   1  -1   1 
  1  -1   1   1 
14 -48 12
4 3
0.145258 0.263597
  1  -1   1   1 
  1   1   1   1 
  1   1  -1   1 
  1  -1   1   1 
13 -44 10
4 3
0.318388 0.263597
  1  -1   1   1 
  1   1   1   1 
  1   1  -1   1 
  1  -1   1   1 
13 -44 10
8 3
0.468671 0.0694835
  1  -1   1   1 
  1   1   1   1 
  1   1  -1   1 
  1  -1   1   1 
13 -44 10
8 3
0.151323 0.0694835
  1  -1   1   1 
  1   1   1   1 
  1   1  -1   1 
  1  -1   1   1 
13 -44 10
4 3
0.87936 0.263597
  1  -1   1   1 
  1   1   1   1 
  1   1  -1   1 
  1  -1   1   1 
13 -44 10
4 3
0.547487 0.263597
  1  -1   1   1 
  1   1   1   1 
  1   1  -1   1 
  1  -1   1   1 
13 -44 10
8 3
0.89154 0.0694835
  1  -1   1   1 
  1   1   1   1 
  1   1  -1   1 
  1  -1   1   1 
13 -44 10
8 3
0.965017 0.0694835
  1  -1   1   1 
  1   1   1   1 
  1   1  -1   1 
  1  -1   1   1 
13 -44 10
0 3
0.392233 1
  1  -1   1   1 
  1   1   1   1 
  1  -1  -1   1 
  1  -1   1   1 
12 -44 8
-4 3
0.783657 3.79367
  1  -1   1   1 
  1   1   1   1 
  1  -1   1   1 
  1  -1   1   1 
13 -48 10
8 3
0.986987 0.0694835
  1  -1   1   1 
  1   1   1   1 
  1  -1   1   1 
  1  -1   1   1 
13 -48 10
4 3
0.0732799 0.263597
  1  -1   1   1 
  1   1   1   1 
  1  -1   1   1 
 -1  -1   1   1 
12 -44 8
4 3
0.0144381 0.263597
  1  -1   1   1 
  1   1   1   1 
  1  -1   1   1 
 -1   1   1   1 
13 -40 10
8 3
0.615626 0.0694835
  1  -1   1   1 
  1   1   1   1 
  1  -1   1   1 
 -1   1   1   1 
13 -40 10
4 3
0.157861 0.263597
  1  -1   1   1 
  1   1   1   1 
  1  -1   1   1 
 -1   1   1  -1 
12 -36 8
0 3
0.896452 1
 -1  -1   1   1 
  1   1   1   1 
  1  -1   1   1 
 -1   1   1  -1 
11 -36 6
-4 3
0.925688 3.79367
 -1   1   1   1 
  1   1   1   1 
  1  -1   1   1 
 -1   1   1  -1 
12 -40 8
8 3
0.657981 0.0694835
 -1   1   1   1 
  1   1   1   1 
  1  -1   1   1 
 -1   1   1  -1 
12 -40 8
0 3
0.988368 1
 -1   1   1  -1 
  1   1   1   1 
  1  -1   1   1 
 -1   1   1  -1 
11 -40 6
4 3
0.844987 0.263597
 -1   1   1  -1 
  1   1   1   1 
  1  -1   1   1 
 -1   1   1  -1 
11 -40 6
4 3
0.756329 0.263597
 -1   1   1  -1 
  1   1   1   1 
  1  -1   1   1 
 -1   1   1  -1 
11 -40 6
8 3
0.353097 0.0694835
 -1   1   1  -1 
  1   1   1   1 
  1  -1   1   1 
 -1   1   1  -1 
11 -40 6
4 3
0.112632 0.263597
 -1   1   1  -1 
  1   1   1  -1 
  1  -1   1   1 
 -1   1   1  -1 
10 -36 4
0 3
0.154833 1
 -1   1   1  -1 
  1   1   1  -1 
 -1  -1   1   1 
 -1   1   1  -1 
9 -36 2
-4 3
0.558868 3.79367
 -1   1   1  -1 
  1   1   1  -1 
 -1   1   1   1 
 -1   1   1  -1 
10 -40 4
8 3
0.180103 0.0694835
 -1   1   1  -1 
  1   1   1  -1 
 -1   1   1   1 
 -1   1   1  -1 
10 -40 4
-4 3
0.086254 3.79367
 -1   1   1  -1 
  1   1   1  -1 
 -1   1   1  -1 
 -1   1   1  -1 
9 -44 2
4 3
0.79222 0.263597
 -1   1   1  -1 
  1   1   1  -1 
 -1   1   1  -1 
 -1   1   1  -1 
9 -44 2
4 3
0.494695 0.263597
 -1   1   1  -1 
  1   1   1  -1 
 -1   1   1  -1 
 -1   1   1  -1 
9 -44 2
4 3
0.674442 0.263597
 -1   1   1  -1 
  1   1   1  -1 
 -1   1   1  -1 
 -1   1   1  -1 
9 -44 2
4 3
0.798137 0.263597
 -1   1   1  -1 
  1   1   1  -1 
 -1   1   1  -1 
 -1   1   1  -1 
9 -44 2
0 3
0.992315 1
  1   1   1  -1 
  1   1   1  -1 
 -1   1   1  -1 
 -1   1   1  -1 
10 -44 4
8 3
0.0538427 0.0694835
  1  -1   1  -1 
  1   1   1  -1 
 -1   1   1  -1 
 -1   1   1  -1 
9 -36 2
0 3
0.415574 1
  1  -1  -1  -1 
  1   1   1  -1 
 -1   1   1  -1 
 -1   1   1  -1 
8 -36 0
4 3
0.656546 0.263597
  1  -1  -1  -1 
  1   1   1  -1 
 -1   1   1  -1 
 -1   1   1  -1 
8 -36 0
0 3
0.683808 1
  1  -1  -1  -1 
 -1   1   1  -1 
 -1   1   1  -1 
 -1   1   1  -1 
7 -36 -2
0 3
0.17224 1
  1  -1  -1  -1 
 -1  -1   1  -1 
 -1   1   1  -1 
 -1   1   1  -1 
6 -36 -4
-4 3
0.762533 3.79367
  1  -1  -1  -1 
 -1  -1  -1  -1 
 -1   1   1  -1 
 -1   1   1  -1 
5 -40 -6
8 3
0.831245 0.0694835
  1  -1  -1  -1 
 -1  -1  -1  -1 
 -1   1   1  -1 
 -1   1   1  -1 
5 -40 -6
4 3
0.0262234 0.263597
  1  -1  -1  -1 
 -1  -1  -1  -1 
  1   1   1  -1 
 -1   1   1  -1 
6 -36 -4
4 3
0.642417 0.263597
  1  -1  -1  -1 
 -1  -1  -1  -1 
  1   1   1  -1 
 -1   1   1  -1 
6 -36 -4
0 3
0.53012 1
  1  -1  -1  -1 
 -1  -1  -1  -1 
  1   1  -1  -1 
 -1   1   1  -1 
5 -36 -6
4 3
0.396011 0.263597
  1  -1  -1  -1 
 -1  -1  -1  -1 
  1   1  -1  -1 
 -1   1   1  -1 
5 -36 -6
-4 3
0.135166 3.79367
  1  -1  -1  -1 
 -1  -1  -1  -1 
  1   1  -1  -1 
  1   1   1  -1 
6 -40 -4
4 3
0.441941 0.263597
  1  -1  -1  -1 
 -1  -1  -1  -1 
  1   1  -1  -1 
  1   1   1  -1 
6 -40 -4
-4 3
0.716979 3.79367
  1  -1  -1  -1 
 -1  -1  -1  -1 
  1   1  -1  -1 
  1   1  -1  -1 
5 -44 -6
4 3
0.638373 0.263597
  1  -1  -1  -1 
 -1  -1  -1  -1 
  1   1  -1  -1 
  1   1  -1  -1 
5 -44 -6
-4 3
0.601603 3.79367
 -1  -1  -1  -1 
 -1  -1  -1  -1 
  1   1  -1  -1 
  1   1  -1  -1 
4 -48 -8
4 3
0.877034 0.263597
 -1  -1  -1  -1 
 -1  -1  -1  -1 
  1   1  -1  -1 
  1   1  -1  -1 
4 -48 -8
8 3
0.719144 0.0694835
 -1  -1  -1  -1 
 -1  -1  -1  -1 
  1   1  -1  -1 
  1   1  -1  -1 
4 -48 -8
8 3
0.456732 0.0694835
 -1  -1  -1  -1 
 -1  -1  -1  -1 
  1   1  -1  -1 
  1   1  -1  -1 
4 -48 -8
4 3
0.253025 0.263597
 -1  -1  -1  -1 
  1  -1  -1  -1 
  1   1  -1  -1 
  1   1  -1  -1 
5 -44 -6
0 3
0.379929 1
 -1  -1  -1  -1 
  1   1  -1  -1 
  1   1  -1  -1 
  1   1  -1  -1 
6 -44 -4
4 3
0.387345 0.263597
 -1  -1  -1  -1 
  1   1  -1  -1 
  1   1  -1  -1 
  1   1  -1  -1 
6 -44 -4
4 3
0.916598 0.263597
 -1  -1  -1  -1 
  1   1  -1  -1 
  1   1  -1  -1 
  1   1  -1  -1 
6 -44 -4
4 3
0.722125 0.263597
 -1  -1  -1  -1 
  1   1  -1  -1 
  1   1  -1  -1 
  1   1  -1  -1 
6 -44 -4
4 3
0.839618 0.263597
 -1  -1  -1  -1 
  1   1  -1  -1 
  1   1  -1  -1 
  1   1  -1  -1 
6 -44 -4
4 3
0.871288 0.263597
 -1  -1  -1  -1 
  1   1  -1  -1 
  1   1  -1  -1 
  1   1  -1  -1 
6 -44 -4
4 3
0.557317 0.263597
 -1  -1  -1  -1 
  1   1  -1  -1 
  1   1  -1  -1 
  1   1  -1  -1 
6 -44 -4
0 3
0.515443 1
 -1  -1  -1  -1 
  1   1  -1  -1 
  1   1  -1  -1 
 -1   1  -1  -1 
5 -44 -6
-4 3
0.402072 3.79367
 -1  -1  -1  -1 
  1   1  -1  -1 
  1   1  -1  -1 
 -1  -1  -1  -1 
4 -48 -8
8 3
0.834123 0.0694835
 -1  -1  -1  -1 
  1   1  -1  -1 
  1   1  -1  -1 
 -1  -1  -1  -1 
4 -48 -8
8 3
0.921324 0.0694835
 -1  -1  -1  -1 
  1   1  -1  -1 
  1   1  -1  -1 
 -1  -1  -1  -1 
4 -48 -8
4 3
0.704528 0.263597
 -1  -1  -1  -1 
  1   1  -1  -1 
  1   1  -1  -1 
 -1  -1  -1  -1 
4 -48 -8
4 3
0.752671 0.263597
 -1  -1  -1  -1 
  1   1  -1  -1 
  1   1  -1  -1 
 -1  -1  -1  -1 
4 -48 -8
8 3
0.0988 0.0694835
 -1  -1  -1  -1 
  1   1  -1  -1 
  1   1  -1  -1 
 -1  -1  -1  -1 
4 -48 -8
8 3
0.338741 0.0694835
 -1  -1  -1  -1 
  1   1  -1  -1 
  1   1  -1  -1 
 -1  -1  -1  -1 
4 -48 -8
0 3
0.0745527 1
 -1  -1  -1  -1 
 -1   1  -1  -1 
  1   1  -1  -1 
 -1  -1  -1  -1 
3 -48 -10
-4 3
0.547586 3.79367
 -1  -1  -1  -1 
 -1  -1  -1  -1 
  1   1  -1  -1 
 -1  -1  -1  -1 
2 -52 -12
8 3
0.340823 0.0694835
 -1  -1  -1  -1 
 -1  -1  -1  -1 
  1   1  -1  -1 
 -1  -1  -1  -1 
2 -52 -12
8 3
0.0528564 0.0694835
 -1  -1  -1  -1 
 -1  -1  -1   1 
  1   1  -1  -1 
 -1  -1  -1  -1 
3 -44 -10
Temperature parameter: 3
Average U: -48.688
Average Magnetization: 9.8
